E. Gulf Of Mexico  (1039,1313)  (1014,1337)  (1014,1312)  (1063,1338)  (1039,1288)  (1064,1288)  (1064,1313)  (1012,1287)  (1038,1362)  (1013,1362)  (989,1337)  (989,1312)  (1088,1338)  (1088,1363)  (1063,1363)  (988,1363)  (1037,1263)  (1062,1263)  (1087,1263)  (1089,1288)  (1089,1313)  (987,1287)  (987,1262)  (1012,1262)  (1112,1240)  (1038,1387)  (1013,1387)  (1113,1338)  (1113,1363)  (1113,1388)  (1088,1388)  (1063,1388)  (988,1388)  (1037,1238)  (1062,1238)  (1087,1238)  (1114,1265)  (1114,1290)  (977,1237)  (1002,1237)  (1112,1215)  (1038,1412)  (1013,1412)  (1138,1315)  (1138,1340)  (1138,1365)  (1103,1413)  (1078,1413)  (988,1413)  (1027,1213)  (1052,1213)  (1077,1213)  (1139,1264)  (1139,1289)  (977,1212)  (1002,1212)  (1053,1437)  (1028,1437)  (1096,1438)  (1003,1438)  (978,1438)  (1027,1188)  (1142,1445)
S. W. Ontario  (850,548)  (825,572)  (825,547)  (874,573)  (850,523)  (875,527)  (823,522)  (849,597)  (800,590)  (800,565)  (899,552)  (899,577)  (874,598)  (859,498)  (798,540)  (924,538)  (924,563)
P. 41  (39,2012)  (14,2036)  (14,2011)  (63,2037)  (39,1987)  (64,1987)  (64,2012)  (12,1986)  (38,2061)  (13,2061)  (88,2037)  (88,2062)  (63,2062)  (89,1964)  (89,1989)  (38,2086)  (13,2086)  (109,2087)  (84,2087)
Rhode Island  (1327,736)
P. 40  (1332,1889)  (1307,1913)  (1307,1888)  (1356,1914)  (1350,1864)  (1357,1889)  (1375,1847)  (1331,1938)  (1306,1938)  (1282,1913)  (1282,1888)  (1381,1914)  (1381,1939)  (1356,1939)  (1281,1939)  (1350,1839)  (1382,1872)
W. Manitoba  (690,365)  (665,389)  (714,390)  (668,340)  (693,340)  (715,365)  (718,337)  (689,414)  (664,414)  (739,390)  (739,415)  (714,415)  (673,315)  (698,312)  (689,439)  (664,439)  (675,287)
P. 111  (0,2991)  (18,3016)  (0,2966)  (25,2966)  (25,2991)  (43,3016)  (43,3041)  (18,3041)  (43,3066)  (18,3066)
P. 110  (1557,2845)  (1532,2869)  (1532,2844)  (1581,2870)  (1557,2820)  (1582,2820)  (1582,2845)  (1530,2819)  (1556,2894)  (1531,2894)  (1606,2870)  (1606,2895)  (1581,2895)  (1555,2795)  (1580,2795)  (1605,2795)  (1607,2820)  (1607,2845)  (1511,2794)  (1556,2919)  (1531,2919)  (1619,2920)  (1594,2920)
C. Mexico S. E.  (718,1611)  (693,1621)  (693,1596)  (742,1636)  (743,1607)  (677,1571)  (702,1571)  (668,1617)  (767,1632)  (688,1546)  (792,1615)  (817,1614)
C. Brazil E.  (1992,2218)  (1967,2216)  (2016,2243)  (1991,2243)  (1992,2193)  (2017,2193)  (2017,2218)  (1964,2191)  (1966,2257)  (2023,2268)  (1998,2268)  (1989,2168)  (2014,2168)  (1939,2177)  (1964,2166)  (1973,2282)  (2023,2293)  (1998,2293)  (1989,2143)  (2014,2143)  (2023,2318)  (1998,2318)  (1989,2118)  (2014,2118)  (2023,2343)  (1998,2343)  (2012,2093)  (1973,2361)  (2023,2368)  (1998,2368)  (2014,2068)  (1948,2375)  (1973,2386)  (2023,2393)  (1998,2393)  (2008,2043)  (1973,2411)
P. 116  (794,3002)  (769,3026)  (769,3001)  (818,3027)  (794,2977)  (819,2977)  (819,3002)  (767,2976)  (793,3051)  (768,3051)  (744,3026)  (744,3001)  (843,3027)  (843,3052)  (818,3052)  (743,3052)  (792,2952)  (817,2952)  (842,2952)  (844,2977)  (844,3002)  (742,2976)  (742,2951)  (767,2951)  (867,2945)  (868,3027)  (868,3052)  (869,2970)  (869,2995)
Haiti  (1511,1426)
P. 117  (975,3004)  (950,3028)  (950,3003)  (999,3029)  (975,2979)  (1000,2979)  (1000,3004)  (948,2978)  (974,3053)  (949,3053)  (925,3028)  (925,3003)  (1024,3029)  (1024,3054)  (999,3054)  (924,3054)  (973,2954)  (998,2954)  (1023,2954)  (1025,2979)  (1025,3004)  (923,2978)  (923,2953)  (948,2953)  (1048,2945)  (1049,3029)  (1049,3054)  (1050,2970)  (1050,2995)  (1073,2945)  (1074,3020)  (1074,3045)  (1074,3070)  (1075,2970)  (1075,2995)
P. 39  (1170,1878)  (1145,1902)  (1145,1877)  (1194,1903)  (1170,1853)  (1195,1856)  (1143,1852)  (1169,1927)  (1144,1927)  (1120,1902)  (1120,1877)  (1219,1881)  (1219,1906)  (1194,1928)  (1119,1928)  (1118,1852)  (1222,1931)  (1244,1871)  (1244,1896)  (1247,1921)
P. 118  (1167,3004)  (1142,3028)  (1142,3003)  (1191,3029)  (1167,2979)  (1192,2979)  (1192,3004)  (1140,2978)  (1166,3053)  (1141,3053)  (1117,3028)  (1117,3003)  (1216,3029)  (1216,3054)  (1191,3054)  (1116,3054)  (1165,2954)  (1190,2954)  (1215,2954)  (1217,2979)  (1217,3004)  (1115,2978)  (1115,2953)  (1140,2953)  (1240,2945)  (1241,3029)  (1241,3054)  (1242,2970)  (1242,2995)
P. 119  (1345,2993)  (1320,3017)  (1320,2992)  (1369,3018)  (1345,2968)  (1370,2968)  (1370,2993)  (1318,2967)  (1344,3042)  (1319,3042)  (1295,3017)  (1295,2992)  (1394,3018)  (1394,3043)  (1369,3043)  (1294,3043)  (1395,2945)  (1395,2970)  (1293,2967)  (1344,3067)  (1319,3067)  (1419,2995)  (1419,3020)  (1419,3045)  (1394,3068)  (1369,3068)  (1294,3068)  (1420,2945)  (1420,2970)  (1421,3070)  (1444,2995)  (1444,3020)  (1444,3045)  (1445,2946)
S. Honduras  (1043,1683)  (1068,1687)
P. 112  (114,2999)  (89,3023)  (89,2998)  (138,3024)  (114,2974)  (139,2974)  (139,2999)  (87,2973)  (113,3048)  (88,3048)  (163,3024)  (163,3049)  (138,3049)  (112,2949)  (137,2949)  (162,2949)  (164,2974)  (164,2999)  (68,2948)  (187,2945)  (188,3024)  (188,3049)  (189,2970)  (189,2995)
P. 113  (286,3006)  (261,3030)  (261,3005)  (310,3031)  (286,2981)  (311,2981)  (311,3006)  (259,2980)  (285,3055)  (260,3055)  (236,3030)  (236,3005)  (335,3031)  (335,3056)  (310,3056)  (235,3056)  (284,2956)  (309,2956)  (334,2956)  (336,2981)  (336,3006)  (234,2980)  (234,2955)  (259,2955)  (359,2945)  (360,3031)  (360,3056)  (361,2970)  (361,2995)
P. 114  (444,3002)  (419,3026)  (419,3001)  (468,3027)  (444,2977)  (469,2977)  (469,3002)  (417,2976)  (443,3051)  (418,3051)  (394,3026)  (394,3001)  (493,3027)  (493,3052)  (468,3052)  (393,3052)  (442,2952)  (467,2952)  (492,2952)  (494,2977)  (494,3002)  (392,2976)  (392,2951)  (417,2951)  (517,2945)  (518,3027)  (518,3052)  (519,2970)  (519,2995)
S. E. Saskatchewan  (601,485)  (576,481)  (625,510)  (600,510)  (601,460)  (626,460)  (626,485)  (575,456)  (633,535)  (608,535)  (600,435)  (625,435)  (632,560)  (607,560)  (631,410)
P. 115  (619,3004)  (594,3028)  (594,3003)  (643,3029)  (619,2979)  (644,2979)  (644,3004)  (592,2978)  (618,3053)  (593,3053)  (569,3028)  (569,3003)  (668,3029)  (668,3054)  (643,3054)  (568,3054)  (617,2954)  (642,2954)  (667,2954)  (669,2979)  (669,3004)  (567,2978)  (567,2953)  (592,2953)  (692,2945)  (693,3029)  (693,3054)  (694,2970)  (694,2995)
P. 33  (250,1873)  (225,1897)  (225,1872)  (274,1898)  (250,1848)  (275,1848)  (275,1873)  (223,1847)  (249,1922)  (224,1922)  (299,1898)  (299,1923)  (274,1923)  (300,1836)  (300,1861)
Tennessee  (996,991)  (971,1015)  (1021,985)  (946,1020)  (1046,980)  (1071,977)
P. 34  (389,1879)  (364,1903)  (364,1878)  (413,1904)  (389,1854)  (414,1854)  (414,1879)  (362,1853)  (388,1928)  (363,1928)  (438,1904)  (438,1929)  (413,1929)  (439,1836)  (439,1861)  (463,1886)  (463,1911)  (463,1936)  (464,1836)  (464,1861)
P. 31  (8,1878)  (32,1903)  (7,1903)  (0,1853)  (25,1853)  (33,1878)  (50,1837)  (50,1928)  (25,1928)  (0,1928)
Louisiana  (857,1152)  (832,1142)  (881,1177)  (856,1177)  (857,1127)  (882,1127)  (882,1152)  (823,1117)  (906,1179)  (909,1204)
N. Argentina  (1834,2827)  (1809,2851)  (1809,2826)  (1858,2852)  (1834,2802)  (1859,2802)  (1859,2827)  (1807,2801)  (1833,2876)  (1808,2876)  (1784,2851)  (1784,2826)  (1883,2852)  (1883,2877)  (1858,2877)  (1832,2777)  (1857,2777)  (1884,2802)  (1884,2827)  (1782,2801)  (1782,2776)  (1833,2901)  (1759,2842)  (1908,2852)  (1908,2877)  (1908,2902)  (1883,2902)  (1858,2902)  (1909,2818)  (1757,2817)  (1757,2792)  (1933,2843)  (1933,2868)  (1933,2893)  (1862,2927)  (1837,2927)  (1958,2841)  (1958,2866)
W. Hudson Bay  (848,231)  (823,255)  (823,230)  (872,256)  (848,206)  (873,206)  (873,231)  (821,205)  (847,280)  (798,262)  (798,237)  (897,256)  (897,281)  (872,281)  (898,185)  (898,210)
P. 32  (117,1876)  (92,1900)  (92,1875)  (141,1901)  (117,1851)  (142,1851)  (142,1876)  (90,1850)  (116,1925)  (91,1925)  (166,1901)  (166,1926)  (141,1926)  (167,1836)  (167,1861)
P. 37  (859,1880)  (834,1904)  (834,1879)  (883,1905)  (859,1855)  (884,1855)  (884,1880)  (832,1854)  (858,1929)  (833,1929)  (809,1904)  (809,1879)  (908,1905)  (908,1930)  (883,1930)  (808,1930)  (909,1836)  (909,1861)  (807,1854)  (933,1886)  (933,1911)  (933,1936)  (934,1836)  (934,1861)
P. 38  (1012,1878)  (987,1902)  (987,1877)  (1036,1903)  (1012,1853)  (1037,1853)  (1037,1878)  (985,1852)  (1011,1927)  (986,1927)  (1061,1903)  (1061,1928)  (1036,1928)  (1062,1836)  (1062,1861)  (1086,1886)  (1086,1911)  (1086,1936)  (1087,1836)  (1087,1861)
P. 35  (549,1875)  (524,1899)  (524,1874)  (573,1900)  (549,1850)  (574,1850)  (574,1875)  (522,1849)  (548,1924)  (523,1924)  (499,1899)  (499,1874)  (598,1900)  (598,1925)  (573,1925)  (498,1925)  (599,1836)  (599,1861)  (497,1849)  (623,1886)  (623,1911)  (623,1936)  (624,1836)  (624,1861)
P. 36  (701,1878)  (676,1902)  (676,1877)  (725,1903)  (701,1853)  (726,1853)  (726,1878)  (674,1852)  (700,1927)  (675,1927)  (750,1903)  (750,1928)  (725,1928)  (751,1836)  (751,1861)  (775,1886)  (775,1911)  (775,1936)  (776,1836)  (776,1861)
Equador  (1359,2094)  (1334,2118)  (1334,2093)  (1383,2119)  (1359,2069)  (1384,2069)  (1384,2094)  (1332,2068)  (1358,2143)  (1309,2128)  (1408,2119)  (1402,2144)  (1409,2079)  (1360,2168)  (1433,2104)  (1335,2171)  (1346,2196)
Lake Erie  (1094,780)
C. Brazil N. W.  (1859,2070)  (1834,2094)  (1834,2069)  (1883,2095)  (1859,2045)  (1884,2045)  (1884,2070)  (1832,2044)  (1858,2119)  (1809,2090)  (1908,2095)  (1908,2120)  (1883,2120)  (1857,2020)  (1882,2020)  (1907,2020)  (1909,2045)  (1909,2070)  (1807,2065)  (1833,2125)  (1858,2144)  (1933,2095)  (1933,2120)  (1907,2145)  (1843,1995)  (1868,1995)  (1893,1995)  (1918,1995)  (1934,2036)  (1934,2061)  (1782,2082)  (1782,2057)  (1833,2150)  (1818,1984)  (1808,2160)  (1882,2169)  (1958,2086)  (1861,1970)  (1886,1970)  (1911,1970)  (1959,2050)  (1857,2175)  (1832,2185)  (1807,2185)  (1907,2192)  (1882,2194)  (1983,2075)  (1857,2200)  (1832,2210)  (1807,2210)  (1912,2217)  (1887,2219)  (1938,2239)  (1913,2242)
P. 30  (1047,1765)  (1022,1789)  (1022,1764)  (1071,1790)  (1072,1760)  (1020,1739)  (1045,1739)  (1096,1785)  (1096,1810)
N. Peru  (1452,2191)  (1427,2215)  (1427,2190)  (1476,2216)  (1452,2166)  (1477,2166)  (1477,2191)  (1451,2240)  (1426,2240)  (1402,2215)  (1402,2190)  (1501,2216)  (1501,2241)  (1476,2241)  (1401,2241)  (1466,2141)  (1491,2141)  (1502,2166)  (1502,2191)  (1516,2141)  (1451,2265)  (1426,2265)  (1377,2216)  (1526,2216)  (1520,2266)  (1495,2266)  (1401,2266)  (1376,2266)  (1376,2241)  (1476,2116)  (1527,2166)  (1527,2191)  (1408,2291)  (1383,2291)  (1351,2269)  (1351,2244)  (1552,2164)  (1552,2189)  (1326,2267)  (1577,2160)  (1577,2185)  (1325,2242)  (1300,2255)  (1300,2230)
Mississippi  (923,1087)  (947,1112)  (922,1112)  (917,1062)  (942,1062)  (948,1087)  (956,1137)  (931,1137)
P. 120  (1525,2994)  (1500,3018)  (1500,2993)  (1549,3019)  (1525,2969)  (1550,2969)  (1550,2994)  (1498,2968)  (1524,3043)  (1499,3043)  (1475,3018)  (1475,2993)  (1574,3019)  (1574,3044)  (1549,3044)  (1474,3044)  (1575,2945)  (1575,2970)  (1473,2968)  (1524,3068)  (1499,3068)  (1599,2995)  (1599,3020)  (1599,3045)  (1574,3069)  (1549,3069)  (1474,3069)  (1600,2945)  (1600,2970)  (1600,3070)
New Hamshire  (1309,680)
N. E. Hudson Bay  (1004,91)  (979,115)  (979,90)  (1018,116)  (1029,87)  (978,65)  (1043,112)  (993,140)  (1054,85)  (978,40)  (1003,24)  (1028,19)  (978,15)
Guyana  (1951,1910)  (1926,1903)  (1975,1935)  (1951,1885)  (1976,1885)  (1976,1910)  (1979,1960)  (1934,1860)  (1959,1860)  (2001,1899)  (1954,1970)  (2002,1985)  (1977,1995)  (1952,1995)
N. E. Ontario  (953,450)  (928,474)  (928,449)  (977,475)  (953,425)  (978,425)  (978,450)  (952,499)  (927,499)  (903,474)  (1002,475)  (902,500)  (987,400)  (1003,425)
P. 28  (777,1741)  (752,1765)  (752,1740)  (801,1766)  (777,1716)  (802,1716)  (802,1741)  (750,1715)  (776,1790)  (751,1790)  (826,1766)  (826,1791)  (801,1791)  (827,1706)  (827,1731)
P. 29  (912,1749)  (887,1773)  (887,1748)  (936,1774)  (912,1724)  (937,1724)  (937,1749)  (885,1723)  (911,1798)  (886,1798)  (961,1774)  (961,1799)  (936,1799)  (962,1723)  (962,1748)  (986,1773)  (986,1798)  (987,1731)
P. 20  (429,1601)  (404,1625)  (404,1600)  (453,1626)  (429,1576)  (454,1576)  (454,1601)  (402,1575)  (428,1650)  (403,1650)  (478,1626)  (478,1651)  (453,1651)  (479,1553)  (479,1578)  (428,1675)  (403,1675)  (501,1676)  (476,1676)
P. 21  (573,1626)  (548,1650)  (548,1625)  (597,1651)  (573,1601)  (598,1616)  (546,1600)  (572,1675)  (547,1675)  (622,1641)  (622,1666)  (597,1676)  (647,1642)  (647,1667)  (672,1648)  (672,1673)
S. W. Costa Rica  (1211,1815)
C. Argentina  (1897,2995)  (1872,3019)  (1872,2994)  (1921,3020)  (1897,2970)  (1922,2970)  (1922,2995)  (1871,2969)  (1896,3044)  (1871,3044)  (1930,3045)  (1846,3045)  (1912,2945)  (1937,2945)  (1947,2970)  (1947,2995)  (1962,2930)  (1905,3069)  (1880,3069)  (1855,3070)  (1830,3070)  (1972,2955)  (1972,2980)  (1987,2917)  (1805,3054)  (1997,2942)  (1997,2967)  (2022,2920)
S. W. Quebec  (1148,552)  (1123,576)  (1123,551)  (1172,577)  (1148,527)  (1173,527)  (1173,552)  (1147,601)  (1122,601)  (1181,502)  (1149,626)
P. 22  (799,1662)  (774,1681)  (824,1654)  (824,1679)  (749,1681)  (849,1669)  (724,1681)  (699,1681)
P. 23  (38,1746)  (13,1770)  (13,1745)  (62,1771)  (38,1721)  (63,1721)  (63,1746)  (11,1720)  (37,1795)  (12,1795)  (87,1771)  (87,1796)  (62,1796)  (88,1705)  (88,1730)
Maine  (1334,603)  (1347,628)  (1331,578)  (1338,653)
P. 24  (179,1748)  (154,1772)  (154,1747)  (203,1773)  (179,1723)  (204,1723)  (204,1748)  (152,1722)  (178,1797)  (153,1797)  (129,1772)  (129,1747)  (228,1773)  (228,1798)  (203,1798)  (128,1798)  (229,1705)  (229,1730)
P. 25  (324,1750)  (299,1774)  (299,1749)  (348,1775)  (324,1725)  (349,1725)  (349,1750)  (297,1724)  (323,1799)  (298,1799)  (274,1774)  (274,1749)  (373,1775)  (373,1800)  (348,1800)  (273,1800)  (374,1705)  (374,1730)
P. 26  (474,1748)  (449,1772)  (449,1747)  (498,1773)  (474,1723)  (499,1723)  (499,1748)  (447,1722)  (473,1797)  (448,1797)  (424,1772)  (424,1747)  (523,1773)  (523,1798)  (498,1798)  (423,1798)  (524,1706)  (524,1731)  (422,1722)  (548,1756)  (548,1781)  (548,1806)  (549,1706)  (549,1731)
P. 27  (626,1747)  (601,1771)  (601,1746)  (650,1772)  (626,1722)  (651,1722)  (651,1747)  (599,1721)  (625,1796)  (600,1796)  (576,1771)  (576,1746)  (675,1772)  (675,1797)  (650,1797)  (575,1797)  (676,1706)  (676,1731)  (700,1756)  (700,1781)  (700,1806)  (701,1706)  (701,1731)
N. Mexico C.  (627,1344)  (602,1368)  (602,1343)  (651,1369)  (632,1319)  (652,1344)  (626,1393)  (601,1393)  (676,1369)  (638,1294)  (677,1337)
W. Brazil  (1653,2241)  (1628,2265)  (1628,2240)  (1677,2266)  (1653,2216)  (1678,2216)  (1678,2241)  (1652,2290)  (1627,2290)  (1603,2265)  (1603,2240)  (1702,2266)  (1702,2291)  (1677,2291)  (1602,2291)  (1645,2191)  (1670,2191)  (1695,2191)  (1703,2216)  (1703,2241)  (1720,2174)  (1652,2315)  (1627,2315)  (1578,2266)  (1578,2241)  (1727,2284)  (1727,2309)  (1702,2316)  (1677,2316)  (1602,2316)  (1577,2316)  (1577,2291)  (1651,2166)  (1676,2166)  (1728,2199)  (1701,2149)  (1726,2149)  (1745,2174)  (1745,2334)  (1751,2143)  (1652,2340)  (1627,2340)  (1553,2266)  (1752,2296)  (1720,2341)  (1695,2341)  (1602,2341)  (1577,2341)  (1552,2341)  (1552,2316)  (1552,2291)  (1654,2141)  (1753,2199)  (1679,2124)  (1704,2124)  (1750,2359)  (1729,2118)  (1754,2118)  (1670,2365)  (1645,2365)  (1723,2366)  (1698,2366)  (1583,2366)  (1527,2308)  (1779,2115)  (1656,2099)  (1681,2099)  (1706,2093)  (1731,2093)  (1673,2390)  (1648,2390)  (1641,2074)  (1666,2074)  (1691,2068)  (1716,2068)  (1665,2049)  (1690,2043)
P. 19  (296,1610)  (271,1634)  (271,1609)  (320,1635)  (296,1585)  (321,1585)  (321,1610)  (269,1584)  (295,1659)  (270,1659)  (345,1635)  (345,1660)  (320,1660)  (294,1560)  (319,1560)  (344,1560)  (346,1585)  (346,1610)  (251,1559)
P. 99  (1525,2685)  (1500,2709)  (1500,2684)  (1549,2710)  (1525,2660)  (1550,2660)  (1550,2685)  (1498,2659)  (1524,2734)  (1499,2734)  (1574,2710)  (1574,2735)  (1549,2735)  (1575,2637)  (1575,2662)  (1524,2759)  (1499,2759)  (1599,2687)  (1599,2712)  (1599,2737)  (1574,2760)  (1549,2760)  (1600,2648)  (1601,2762)  (1624,2722)  (1626,2747)
El Salvador  (1005,1703)
P. 98  (1356,2689)  (1331,2713)  (1331,2688)  (1380,2714)  (1356,2664)  (1381,2664)  (1381,2689)  (1329,2663)  (1355,2738)  (1330,2738)  (1306,2713)  (1306,2688)  (1405,2714)  (1405,2739)  (1380,2739)  (1305,2739)  (1354,2639)  (1379,2639)  (1404,2639)  (1406,2664)  (1406,2689)  (1304,2663)  (1304,2638)  (1329,2638)  (1429,2637)  (1355,2763)  (1330,2763)  (1430,2714)  (1430,2739)  (1430,2764)  (1405,2764)  (1380,2764)  (1305,2764)  (1431,2662)  (1431,2687)
P. 17  (30,1605)  (5,1629)  (5,1604)  (54,1630)  (30,1580)  (55,1580)  (55,1605)  (3,1579)  (29,1654)  (4,1654)  (79,1630)  (79,1655)  (54,1655)  (28,1555)  (53,1555)  (78,1555)  (80,1580)  (80,1605)  (0,1554)  (29,1679)  (4,1679)  (88,1680)  (63,1680)
P. 97  (1191,2688)  (1166,2712)  (1166,2687)  (1215,2713)  (1191,2663)  (1216,2663)  (1216,2688)  (1164,2662)  (1190,2737)  (1165,2737)  (1141,2712)  (1141,2687)  (1240,2713)  (1240,2738)  (1215,2738)  (1140,2738)  (1189,2638)  (1214,2638)  (1239,2638)  (1241,2663)  (1241,2688)  (1139,2662)  (1139,2637)  (1164,2637)  (1264,2637)  (1190,2762)  (1165,2762)  (1265,2713)  (1265,2738)  (1265,2763)  (1240,2763)  (1215,2763)  (1140,2763)  (1266,2662)  (1266,2687)
P. 18  (154,1603)  (129,1627)  (129,1602)  (178,1628)  (154,1578)  (179,1578)  (179,1603)  (127,1577)  (153,1652)  (128,1652)  (203,1628)  (203,1653)  (178,1653)  (152,1553)  (177,1553)  (202,1553)  (204,1578)  (204,1603)  (153,1677)  (128,1677)  (226,1678)  (201,1678)
P. 15  (235,1462)  (210,1486)  (210,1461)  (259,1487)  (235,1437)  (260,1437)  (260,1462)  (208,1436)  (234,1511)  (209,1511)  (185,1486)  (185,1461)  (284,1487)  (284,1512)  (259,1512)  (184,1512)  (285,1417)  (285,1442)  (183,1436)  (309,1467)  (309,1492)  (309,1517)  (310,1417)  (310,1442)
P. 16  (391,1458)  (366,1482)  (366,1457)  (415,1483)  (391,1433)  (416,1433)  (416,1458)  (364,1432)  (390,1507)  (365,1507)  (341,1482)  (341,1457)  (440,1483)  (440,1508)  (415,1508)  (441,1425)  (441,1450)  (465,1475)
W. Columbia  (1454,1971)  (1429,1995)  (1429,1970)  (1478,1996)  (1454,1946)  (1479,1946)  (1479,1971)  (1427,1945)  (1453,2020)  (1428,2020)  (1404,1995)  (1503,1996)  (1503,2021)  (1478,2021)  (1403,2021)  (1476,1921)  (1501,1921)  (1504,1946)  (1504,1971)  (1526,1906)  (1453,2045)  (1428,2045)  (1495,2046)  (1494,1896)  (1529,1931)  (1554,1914)  (1554,1939)
P. 13  (327,1285)  (351,1310)  (311,1260)  (361,1335)  (302,1235)  (386,1354)  (401,1379)  (376,1379)  (278,1186)  (263,1161)  (254,1136)
P. 14  (60,1458)  (35,1482)  (35,1457)  (84,1483)  (60,1433)  (85,1433)  (85,1458)  (33,1432)  (59,1507)  (34,1507)  (10,1482)  (10,1457)  (109,1483)  (109,1508)  (84,1508)  (9,1508)  (110,1417)  (110,1442)  (8,1432)  (134,1467)  (134,1492)  (134,1517)  (135,1417)  (135,1442)
P. 11  (51,1328)  (26,1352)  (26,1327)  (75,1353)  (51,1303)  (76,1303)  (76,1328)  (24,1302)  (50,1377)  (25,1377)  (1,1352)  (1,1327)  (100,1353)  (100,1378)  (75,1378)  (0,1378)  (101,1286)  (101,1311)  (125,1336)  (125,1361)  (125,1386)  (126,1286)  (126,1311)
Wisconsin  (883,717)  (858,721)  (858,696)  (907,742)  (883,692)  (908,698)  (882,746)  (932,746)  (907,767)  (933,771)  (882,771)
P. 12  (210,1328)  (185,1352)  (185,1327)  (234,1353)  (210,1303)  (235,1303)  (235,1328)  (183,1302)  (209,1377)  (184,1377)  (160,1352)  (160,1327)  (259,1353)  (259,1378)  (234,1378)  (159,1378)  (260,1294)  (260,1319)  (158,1302)  (284,1361)  (284,1386)  (309,1387)
P. 10  (158,1188)  (133,1212)  (133,1187)  (182,1213)  (158,1163)  (183,1163)  (183,1188)  (131,1162)  (157,1237)  (132,1237)  (201,1238)  (156,1138)  (181,1138)  (208,1186)  (208,1211)
S. Brazil  (1991,2524)  (1966,2548)  (1966,2523)  (2015,2549)  (1991,2499)  (2016,2499)  (2016,2524)  (1964,2498)  (1941,2554)  (1941,2529)  (2023,2574)  (1998,2574)  (1989,2474)  (2014,2474)  (1939,2504)  (1959,2473)  (2023,2599)  (1984,2449)  (2009,2449)  (2023,2624)  (2023,2649)  (2023,2674)  (1998,2679)  (2023,2699)  (2023,2724)
Washington  (236,544)  (211,568)  (211,543)  (260,569)  (236,519)  (261,527)  (186,558)  (186,533)  (285,552)  (285,577)
P. 93  (563,2693)  (538,2717)  (538,2692)  (587,2718)  (563,2668)  (588,2668)  (588,2693)  (536,2667)  (562,2742)  (537,2742)  (612,2718)  (612,2743)  (587,2743)  (561,2643)  (586,2643)  (611,2643)  (613,2668)  (613,2693)  (516,2642)  (636,2637)  (562,2767)  (537,2767)  (637,2718)  (637,2743)  (637,2768)  (612,2768)  (587,2768)  (638,2662)  (638,2687)
P. 94  (725,2692)  (700,2716)  (700,2691)  (749,2717)  (725,2667)  (750,2667)  (750,2692)  (698,2666)  (724,2741)  (699,2741)  (675,2716)  (675,2691)  (774,2717)  (774,2742)  (749,2742)  (723,2642)  (748,2642)  (773,2642)  (775,2667)  (775,2692)  (675,2641)  (798,2637)  (724,2766)  (699,2766)  (799,2717)  (799,2742)  (799,2767)  (774,2767)  (749,2767)  (800,2662)  (800,2687)
P. 95  (876,2683)  (851,2707)  (851,2682)  (900,2708)  (876,2658)  (901,2658)  (901,2683)  (849,2657)  (875,2732)  (850,2732)  (925,2708)  (925,2733)  (900,2733)  (926,2637)  (926,2662)  (875,2757)  (850,2757)  (950,2687)  (950,2712)  (950,2737)  (925,2758)  (900,2758)  (951,2637)  (951,2662)  (954,2762)
P. 96  (1034,2679)  (1009,2703)  (1009,2678)  (1058,2704)  (1034,2654)  (1059,2654)  (1059,2679)  (1007,2653)  (1033,2728)  (1008,2728)  (1083,2704)  (1083,2729)  (1058,2729)  (1084,2637)  (1084,2662)  (1033,2753)  (1008,2753)  (1108,2687)  (1108,2712)  (1108,2737)  (1083,2754)  (1058,2754)  (1109,2637)  (1109,2662)  (1113,2762)
P. 100  (36,2841)  (11,2865)  (11,2840)  (60,2866)  (36,2816)  (61,2816)  (61,2841)  (9,2815)  (35,2890)  (10,2890)  (85,2866)  (85,2891)  (60,2891)  (86,2794)  (86,2819)  (35,2915)  (10,2915)  (110,2844)  (110,2869)  (110,2894)  (85,2916)  (60,2916)  (111,2795)  (111,2919)
P. 90  (113,2689)  (88,2713)  (88,2688)  (137,2714)  (113,2664)  (138,2664)  (138,2689)  (86,2663)  (112,2738)  (87,2738)  (162,2714)  (162,2739)  (137,2739)  (111,2639)  (136,2639)  (161,2639)  (163,2664)  (163,2689)  (67,2638)  (186,2637)  (112,2763)  (87,2763)  (187,2714)  (187,2739)  (187,2764)  (162,2764)  (137,2764)  (188,2662)  (188,2687)
P. 91  (262,2690)  (237,2714)  (237,2689)  (286,2715)  (262,2665)  (287,2665)  (287,2690)  (235,2664)  (261,2739)  (236,2739)  (311,2715)  (311,2740)  (286,2740)  (260,2640)  (285,2640)  (310,2640)  (312,2665)  (312,2690)  (216,2639)  (335,2637)  (261,2764)  (236,2764)  (336,2715)  (336,2740)  (336,2765)  (311,2765)  (286,2765)  (337,2662)  (337,2687)
P. 92  (407,2689)  (382,2713)  (382,2688)  (431,2714)  (407,2664)  (432,2664)  (432,2689)  (380,2663)  (406,2738)  (381,2738)  (456,2714)  (456,2739)  (431,2739)  (405,2639)  (430,2639)  (455,2639)  (457,2664)  (457,2689)  (367,2638)  (480,2637)  (406,2763)  (381,2763)  (481,2714)  (481,2739)  (481,2764)  (456,2764)  (431,2764)  (482,2662)  (482,2687)
P. 103  (535,2843)  (510,2867)  (510,2842)  (559,2868)  (535,2818)  (560,2818)  (560,2843)  (508,2817)  (534,2892)  (509,2892)  (485,2867)  (485,2842)  (584,2868)  (584,2893)  (559,2893)  (484,2893)  (585,2794)  (585,2819)  (483,2817)  (534,2917)  (509,2917)  (609,2844)  (609,2869)  (609,2894)  (584,2918)  (559,2918)  (484,2918)  (610,2794)  (610,2819)  (610,2919)  (634,2844)  (634,2869)  (634,2894)
C. Nicaragua  (1130,1737)
P. 104  (716,2847)  (691,2871)  (691,2846)  (740,2872)  (716,2822)  (741,2822)  (741,2847)  (689,2821)  (715,2896)  (690,2896)  (666,2871)  (666,2846)  (765,2872)  (765,2897)  (740,2897)  (665,2897)  (714,2797)  (739,2797)  (764,2797)  (766,2822)  (766,2847)  (664,2821)  (664,2796)  (689,2796)  (789,2794)  (790,2872)  (790,2897)  (791,2819)  (791,2844)
P. 101  (185,2843)  (160,2867)  (160,2842)  (209,2868)  (185,2818)  (210,2818)  (210,2843)  (158,2817)  (184,2892)  (159,2892)  (234,2868)  (234,2893)  (209,2893)  (235,2794)  (235,2819)  (184,2917)  (159,2917)  (259,2844)  (259,2869)  (259,2894)  (234,2918)  (209,2918)  (260,2794)  (260,2819)  (260,2919)
P. 102  (355,2840)  (330,2864)  (330,2839)  (379,2865)  (355,2815)  (380,2815)  (380,2840)  (328,2814)  (354,2889)  (329,2889)  (305,2864)  (305,2839)  (404,2865)  (404,2890)  (379,2890)  (405,2794)  (405,2819)  (354,2914)  (329,2914)  (429,2844)  (429,2869)  (429,2894)  (404,2915)  (379,2915)  (430,2794)  (430,2819)  (433,2919)
P. 87  (1264,2551)  (1239,2575)  (1239,2550)  (1288,2576)  (1264,2526)  (1289,2526)  (1289,2551)  (1237,2525)  (1263,2600)  (1238,2600)  (1313,2576)  (1313,2601)  (1288,2601)  (1314,2504)  (1314,2529)  (1338,2554)  (1338,2579)  (1338,2604)  (1339,2504)  (1339,2529)
P. 86  (1102,2550)  (1077,2574)  (1077,2549)  (1126,2575)  (1102,2525)  (1127,2525)  (1127,2550)  (1075,2524)  (1101,2599)  (1076,2599)  (1052,2574)  (1052,2549)  (1151,2575)  (1151,2600)  (1126,2600)  (1051,2600)  (1152,2504)  (1152,2529)  (1176,2554)  (1176,2579)  (1176,2604)  (1177,2504)  (1177,2529)
P. 108  (1247,2842)  (1222,2866)  (1222,2841)  (1271,2867)  (1247,2817)  (1272,2817)  (1272,2842)  (1220,2816)  (1246,2891)  (1221,2891)  (1197,2866)  (1197,2841)  (1296,2867)  (1296,2892)  (1271,2892)  (1196,2892)  (1297,2794)  (1297,2819)  (1195,2816)  (1246,2916)  (1221,2916)  (1321,2844)  (1321,2869)  (1321,2894)  (1296,2917)  (1271,2917)  (1196,2917)  (1322,2794)  (1322,2819)  (1323,2919)
P. 89  (5,2689)  (29,2714)  (4,2714)  (0,2664)  (25,2664)  (30,2689)  (42,2739)  (17,2739)  (0,2639)  (25,2639)  (42,2764)  (17,2764)
E. Venezuala  (1789,1887)  (1764,1911)  (1764,1886)  (1813,1912)  (1789,1862)  (1814,1862)  (1814,1887)  (1752,1861)  (1771,1936)  (1746,1936)  (1739,1911)  (1739,1886)  (1838,1912)  (1838,1937)  (1839,1842)  (1839,1867)  (1721,1954)  (1853,1817)  (1771,1961)  (1746,1961)  (1714,1929)  (1863,1892)  (1863,1917)  (1864,1842)  (1864,1867)  (1878,1798)  (1790,1986)  (1765,1986)  (1740,1986)  (1888,1919)  (1889,1823)  (1889,1848)  (1793,2011)  (1768,2011)  (1743,2011)  (1751,2036)
P. 105  (894,2841)  (869,2865)  (869,2840)  (918,2866)  (894,2816)  (919,2816)  (919,2841)  (867,2815)  (893,2890)  (868,2890)  (844,2865)  (844,2840)  (943,2866)  (943,2891)  (918,2891)  (843,2891)  (944,2794)  (944,2819)  (842,2815)  (893,2915)  (868,2915)  (968,2844)  (968,2869)  (968,2894)  (943,2916)  (918,2916)  (843,2916)  (969,2794)  (969,2819)  (971,2919)  (993,2844)  (993,2869)  (993,2894)
P. 106  (1076,2847)  (1051,2871)  (1051,2846)  (1100,2872)  (1076,2822)  (1101,2822)  (1101,2847)  (1049,2821)  (1075,2896)  (1050,2896)  (1026,2871)  (1026,2846)  (1125,2872)  (1125,2897)  (1100,2897)  (1025,2897)  (1074,2797)  (1099,2797)  (1124,2797)  (1126,2822)  (1126,2847)  (1024,2821)  (1024,2796)  (1049,2796)  (1149,2794)  (1150,2872)  (1150,2897)  (1151,2819)  (1151,2844)
P. 88  (1418,2552)  (1393,2576)  (1393,2551)  (1442,2577)  (1418,2527)  (1443,2551)  (1391,2526)  (1417,2601)  (1392,2601)  (1467,2576)  (1467,2601)  (1442,2602)  (1492,2584)  (1492,2609)  (1517,2598)  (1542,2607)
P. 109  (1410,2841)  (1385,2865)  (1385,2840)  (1434,2866)  (1410,2816)  (1435,2816)  (1435,2841)  (1383,2815)  (1409,2890)  (1384,2890)  (1459,2866)  (1459,2891)  (1434,2891)  (1460,2794)  (1460,2819)  (1409,2915)  (1384,2915)  (1484,2844)  (1484,2869)  (1484,2894)  (1459,2916)  (1434,2916)  (1485,2795)  (1485,2919)
South Dakota  (648,726)  (623,750)  (623,725)  (672,751)  (648,701)  (673,701)  (673,726)  (621,700)  (598,764)  (598,739)  (697,751)  (698,700)  (698,725)  (596,714)  (715,776)  (722,750)  (723,719)
S. Quebec  (1238,558)  (1260,583)  (1235,583)  (1220,533)  (1245,533)  (1263,558)  (1270,526)  (1237,608)  (1212,610)  (1202,635)
P. 81  (333,2548)  (308,2572)  (308,2547)  (357,2573)  (333,2523)  (358,2523)  (358,2548)  (306,2522)  (332,2597)  (307,2597)  (283,2572)  (283,2547)  (382,2573)  (382,2598)  (357,2598)  (282,2598)  (383,2504)  (383,2529)  (281,2522)  (407,2554)  (407,2579)  (407,2604)  (408,2504)  (408,2529)
Labrador  (1378,294)  (1353,318)  (1402,319)  (1354,269)  (1379,269)  (1403,294)  (1404,268)  (1377,343)  (1352,343)  (1328,318)  (1427,319)  (1327,344)  (1333,244)  (1428,293)  (1354,368)  (1303,319)  (1316,219)  (1453,276)  (1453,301)  (1478,277)
P. 80  (181,2548)  (156,2572)  (156,2547)  (205,2573)  (181,2523)  (206,2523)  (206,2548)  (154,2522)  (180,2597)  (155,2597)  (230,2573)  (230,2598)  (205,2598)  (231,2504)  (231,2529)  (255,2554)  (255,2579)  (255,2604)
P. 85  (944,2547)  (919,2571)  (919,2546)  (968,2572)  (944,2522)  (969,2522)  (969,2547)  (917,2521)  (943,2596)  (918,2596)  (993,2572)  (993,2597)  (968,2597)  (994,2504)  (994,2529)  (1018,2554)  (1018,2579)  (1018,2604)  (1019,2504)  (1019,2529)
P. 84  (798,2547)  (773,2571)  (773,2546)  (822,2572)  (798,2522)  (823,2522)  (823,2547)  (771,2521)  (797,2596)  (772,2596)  (748,2571)  (748,2546)  (847,2572)  (847,2597)  (822,2597)  (747,2597)  (848,2504)  (848,2529)  (746,2521)  (872,2554)  (872,2579)  (872,2604)  (873,2504)  (873,2529)
P. 83  (641,2545)  (616,2569)  (616,2544)  (665,2570)  (641,2520)  (666,2520)  (666,2545)  (614,2519)  (640,2594)  (615,2594)  (591,2569)  (591,2544)  (690,2570)  (690,2595)  (665,2595)  (590,2595)  (691,2504)  (691,2529)  (589,2519)  (715,2554)  (715,2579)  (715,2604)  (716,2504)  (716,2529)
P. 82  (486,2547)  (461,2571)  (461,2546)  (510,2572)  (486,2522)  (511,2522)  (511,2547)  (459,2521)  (485,2596)  (460,2596)  (535,2572)  (535,2597)  (510,2597)  (536,2504)  (536,2529)  (560,2554)  (560,2579)  (560,2604)  (561,2504)  (561,2529)
Alabama  (1000,1082)  (1024,1107)  (999,1107)  (977,1057)  (1002,1057)  (1025,1082)  (1031,1132)  (1006,1132)  (981,1132)
Florida  (1153,1186)  (1128,1172)  (1177,1211)  (1197,1236)  (1172,1236)  (1214,1261)  (1189,1261)  (1071,1163)
Baja California  (258,1228)  (273,1253)  (300,1301)  (228,1156)  (304,1326)  (217,1131)  (211,1106)
A. 2  (1378,28)  (1353,52)  (1353,27)  (1402,53)  (1378,3)  (1403,3)  (1403,28)  (1351,2)  (1377,77)  (1352,77)  (1328,52)  (1328,27)  (1427,53)  (1427,78)  (1402,78)  (1327,78)  (1428,0)  (1428,25)  (1326,2)  (1452,50)  (1452,75)  (1453,0)  (1453,25)  (1477,50)  (1477,75)  (1478,0)  (1478,25)
C. Peru  (1446,2371)  (1421,2395)  (1421,2370)  (1470,2396)  (1446,2346)  (1471,2346)  (1471,2371)  (1419,2345)  (1445,2420)  (1420,2420)  (1396,2394)  (1495,2396)  (1495,2421)  (1470,2421)  (1444,2321)  (1469,2321)  (1496,2328)  (1496,2353)  (1394,2369)  (1394,2344)  (1445,2445)  (1520,2379)  (1520,2404)  (1520,2429)  (1495,2446)  (1470,2446)  (1369,2340)  (1445,2470)  (1545,2421)  (1345,2304)
A. 1  (1221,15)  (1196,5)  (1245,40)  (1246,0)  (1270,25)  (1270,50)  (1271,0)
W. Argentina  (1743,2987)  (1718,3011)  (1718,2986)  (1767,3012)  (1743,2962)  (1768,2962)  (1768,2987)  (1742,3036)  (1717,3036)  (1792,3012)  (1772,3037)  (1721,2937)  (1746,2937)  (1771,2937)  (1793,2962)  (1793,2987)  (1796,2934)  (1747,3061)  (1722,3061)  (1772,3062)  (1723,2912)  (1748,2912)  (1818,2963)  (1818,2988)  (1773,2909)  (1697,3071)  (1723,2887)  (1748,2887)  (1712,2862)
P. 77  (1167,2424)  (1142,2448)  (1142,2423)  (1191,2449)  (1167,2399)  (1192,2399)  (1192,2424)  (1140,2398)  (1166,2473)  (1141,2473)  (1216,2449)  (1216,2474)  (1191,2474)  (1217,2379)  (1217,2404)
Baffin Island  (1100,17)  (1075,41)  (1075,10)  (1124,42)  (1125,0)  (1050,49)  (1149,25)  (1135,67)  (1025,61)  (1174,32)
N. W. Ontario  (860,410)  (835,434)  (881,435)  (862,385)  (885,410)  (887,383)  (856,459)  (831,459)  (910,408)  (912,371)  (806,463)  (937,382)  (812,488)
P. 78  (1306,2417)  (1281,2441)  (1281,2416)  (1330,2442)  (1306,2392)  (1331,2392)  (1331,2417)  (1279,2391)  (1305,2466)  (1280,2466)  (1355,2442)  (1355,2467)  (1330,2467)  (1356,2390)  (1356,2415)  (1380,2440)  (1380,2465)  (1405,2474)
P. 75  (872,2419)  (847,2443)  (847,2418)  (896,2444)  (872,2394)  (897,2394)  (897,2419)  (845,2393)  (871,2468)  (846,2468)  (822,2443)  (822,2418)  (921,2444)  (921,2469)  (896,2469)  (922,2379)  (922,2404)  (946,2429)  (946,2454)  (946,2479)  (947,2379)  (947,2404)
P. 76  (1020,2419)  (995,2443)  (995,2418)  (1044,2444)  (1020,2394)  (1045,2394)  (1045,2419)  (993,2393)  (1019,2468)  (994,2468)  (1069,2444)  (1069,2469)  (1044,2469)  (1070,2379)  (1070,2404)  (1094,2429)  (1094,2454)  (1094,2479)  (1095,2379)  (1095,2404)
P. 79  (39,2545)  (14,2569)  (14,2544)  (63,2570)  (39,2520)  (64,2520)  (64,2545)  (12,2519)  (38,2594)  (13,2594)  (88,2570)  (88,2595)  (63,2595)  (89,2504)  (89,2529)
N. E. Manitoba  (777,316)  (752,305)  (801,341)  (776,341)  (802,298)  (741,280)  (766,280)  (826,349)  (801,366)  (776,366)  (830,374)  (738,255)  (763,255)  (851,344)  (805,391)
C. Mexico E.  (731,1535)  (753,1560)  (711,1510)  (778,1576)
Idaho  (336,702)  (311,726)  (311,701)  (360,727)  (336,677)  (361,695)  (309,676)  (286,734)  (286,709)  (385,720)  (385,745)  (360,752)  (334,652)  (319,627)  (319,602)
P. 70  (111,2420)  (86,2444)  (86,2419)  (135,2445)  (111,2395)  (136,2395)  (136,2420)  (84,2394)  (110,2469)  (85,2469)  (160,2445)  (160,2470)  (135,2470)  (161,2379)  (161,2404)  (185,2429)  (185,2454)  (185,2479)  (186,2380)
Virginia  (1189,906)  (1211,931)  (1186,931)  (1201,881)  (1214,906)  (1161,943)
P. 72  (413,2420)  (388,2444)  (388,2419)  (437,2445)  (413,2395)  (438,2395)  (438,2420)  (386,2394)  (412,2469)  (387,2469)  (363,2444)  (363,2419)  (462,2445)  (462,2470)  (437,2470)  (362,2470)  (463,2379)  (463,2404)  (361,2394)  (487,2429)  (487,2454)
Lake Ontario  (1166,712)
P. 71  (249,2414)  (224,2438)  (224,2413)  (273,2439)  (249,2389)  (274,2389)  (274,2414)  (222,2388)  (248,2463)  (223,2463)  (298,2439)  (298,2464)  (273,2464)  (299,2379)  (299,2404)  (323,2429)  (323,2454)  (323,2479)  (324,2379)  (324,2404)
P. 74  (714,2416)  (689,2440)  (689,2415)  (738,2441)  (714,2391)  (739,2391)  (739,2416)  (687,2390)  (713,2465)  (688,2465)  (664,2440)  (664,2415)  (763,2441)  (763,2466)  (738,2466)  (663,2466)  (764,2379)  (764,2404)  (788,2429)  (788,2454)  (788,2479)  (789,2379)  (789,2404)
P. 73  (560,2421)  (535,2445)  (535,2420)  (584,2446)  (560,2396)  (585,2396)  (585,2421)  (533,2395)  (559,2470)  (534,2470)  (609,2446)  (609,2471)  (584,2471)  (610,2379)  (610,2404)  (634,2429)  (634,2454)  (634,2479)  (635,2379)  (635,2404)
A. 3  (1576,34)  (1551,58)  (1551,33)  (1600,59)  (1576,9)  (1601,9)  (1601,34)  (1549,8)  (1575,83)  (1550,83)  (1526,58)  (1526,33)  (1625,59)  (1625,84)  (1600,84)  (1525,84)  (1626,0)  (1626,25)  (1524,8)  (1650,50)  (1650,75)  (1651,0)  (1651,25)  (1675,50)  (1675,75)  (1676,0)  (1676,25)  (1700,50)  (1700,75)  (1701,0)  (1701,25)  (1725,50)  (1725,75)  (1885,40)  (1891,65)  (1899,12)  (1910,37)  (1916,62)  (1916,87)  (1924,0)  (1935,25)  (1941,50)  (1941,75)  (1949,0)  (1960,25)  (1966,50)  (1966,75)  (1974,0)  (1985,25)  (1991,50)  (1991,75)  (1999,0)  (2010,25)  (2016,50)  (2016,75)
A. 5  (1944,29)  (1919,53)  (1919,28)  (1968,54)  (1944,4)  (1969,4)  (1969,29)  (1917,3)  (1943,78)  (1918,78)  (1894,53)  (1894,28)  (1993,54)  (1993,79)  (1968,79)  (1893,79)  (1994,0)  (1994,25)  (2018,50)  (2018,75)  (2019,0)  (2019,25)
Texas  (655,1148)  (630,1172)  (630,1147)  (679,1173)  (655,1123)  (680,1123)  (680,1148)  (628,1122)  (654,1197)  (629,1197)  (605,1172)  (605,1147)  (704,1173)  (704,1198)  (679,1198)  (653,1098)  (678,1098)  (703,1098)  (705,1123)  (705,1148)  (603,1122)  (603,1097)  (628,1097)  (728,1098)  (654,1222)  (580,1194)  (580,1169)  (729,1173)  (729,1198)  (729,1223)  (704,1223)  (679,1223)  (730,1123)  (730,1148)  (578,1144)  (578,1119)  (578,1094)  (603,1072)  (628,1072)  (753,1097)  (654,1247)  (555,1213)  (555,1188)  (754,1173)  (754,1198)  (754,1223)  (726,1248)  (701,1248)  (755,1122)  (755,1147)  (553,1163)  (580,1047)  (605,1047)  (630,1047)  (778,1094)  (676,1272)  (530,1190)  (779,1172)  (779,1197)  (706,1273)  (780,1119)  (780,1144)  (528,1165)  (581,1022)  (606,1022)  (631,1022)  (804,1169)  (804,1194)  (703,1298)  (503,1149)
A. 6  (1193,122)  (1168,132)  (1217,147)  (1218,109)  (1192,157)  (1143,127)  (1229,172)  (1243,87)  (1243,112)  (1204,182)  (1118,109)  (1268,87)  (1268,112)  (1277,137)
A. 7  (1385,158)  (1360,182)  (1360,157)  (1409,183)  (1385,133)  (1410,133)  (1410,158)  (1358,132)  (1384,207)  (1359,207)  (1335,177)  (1434,183)  (1434,208)  (1409,208)  (1435,113)  (1435,138)  (1333,152)  (1333,127)  (1404,233)  (1308,157)  (1308,132)
A. 8  (1553,158)  (1528,182)  (1528,157)  (1577,183)  (1553,133)  (1578,133)  (1578,158)  (1526,132)  (1552,207)  (1527,207)  (1503,182)  (1503,157)  (1602,183)  (1602,208)  (1577,208)  (1502,208)  (1603,113)  (1603,138)  (1501,132)  (1552,232)  (1527,232)  (1478,183)  (1478,158)  (1627,163)  (1627,188)  (1627,213)  (1602,233)  (1577,233)  (1502,233)  (1477,233)  (1477,208)  (1628,113)  (1628,138)  (1476,133)
A. 9  (1753,179)  (1728,203)  (1728,178)  (1777,204)  (1753,154)  (1778,159)  (1726,153)  (1752,228)  (1727,228)  (1703,203)  (1703,178)  (1802,184)  (1802,209)  (1777,229)  (1702,229)  (1751,129)  (1701,153)  (1701,128)  (1726,128)  (1678,204)  (1678,179)  (1827,183)  (1827,208)  (1827,233)  (1677,233)  (1676,154)  (1676,129)
N. W. Mexico N. W.  (364,1230)  (339,1225)  (388,1255)  (363,1255)  (389,1216)  (333,1200)  (412,1280)  (387,1280)  (308,1176)  (333,1175)  (437,1302)  (412,1305)  (301,1151)  (326,1150)  (351,1150)  (434,1330)
Yukon  (315,44)  (290,68)  (290,43)  (339,69)  (315,19)  (340,19)  (340,44)  (288,18)  (314,93)  (289,93)  (265,68)  (265,43)  (364,69)  (364,94)  (339,94)  (264,94)  (365,0)  (365,25)  (263,18)  (314,118)  (240,69)  (240,44)  (389,50)  (389,75)  (371,119)  (346,119)  (239,104)  (390,0)  (390,25)  (238,19)  (414,50)  (414,75)  (415,20)  (439,45)  (440,17)  (465,19)
C. Quebec  (1225,346)  (1200,370)  (1200,345)  (1249,371)  (1228,321)  (1250,346)  (1253,318)  (1224,395)  (1199,395)  (1175,370)  (1274,371)  (1274,396)  (1249,396)  (1174,396)  (1230,293)  (1255,293)  (1280,286)  (1224,420)  (1276,421)  (1251,421)  (1149,402)  (1239,268)  (1305,266)  (1264,261)  (1226,445)  (1289,241)  (1241,236)  (1266,216)  (1259,191)
P. 64  (632,2289)  (607,2313)  (607,2288)  (656,2314)  (632,2264)  (657,2264)  (657,2289)  (605,2263)  (631,2338)  (606,2338)  (681,2314)  (681,2339)  (656,2339)  (682,2246)  (682,2271)  (706,2296)  (706,2321)  (706,2346)  (707,2246)  (707,2271)
P. 65  (791,2287)  (766,2311)  (766,2286)  (815,2312)  (791,2262)  (816,2262)  (816,2287)  (764,2261)  (790,2336)  (765,2336)  (840,2312)  (840,2337)  (815,2337)  (841,2246)  (841,2271)  (865,2296)  (865,2321)  (865,2346)  (866,2246)  (866,2271)
P. 66  (950,2292)  (925,2316)  (925,2291)  (974,2317)  (950,2267)  (975,2267)  (975,2292)  (923,2266)  (949,2341)  (924,2341)  (999,2317)  (999,2342)  (974,2342)  (1000,2246)  (1000,2271)  (1024,2296)  (1024,2321)  (1024,2346)  (1025,2247)
Lake Superior  (934,612)  (909,622)  (958,637)  (884,645)  (983,638)
Michigan  (1009,748)  (1033,773)  (1008,773)  (990,723)  (1015,723)  (940,676)  (915,667)
New Jersey  (1271,804)
P. 67  (1094,2290)  (1069,2314)  (1069,2289)  (1118,2315)  (1094,2265)  (1119,2265)  (1119,2290)  (1067,2264)  (1093,2339)  (1068,2339)  (1143,2315)  (1143,2340)  (1118,2340)  (1144,2246)  (1144,2271)
P. 68  (1233,2293)  (1208,2317)  (1208,2292)  (1257,2318)  (1233,2268)  (1258,2268)  (1258,2293)  (1206,2267)  (1232,2342)  (1207,2342)  (1282,2318)  (1282,2343)  (1257,2343)  (1283,2284)  (1307,2309)  (1307,2334)  (1332,2343)
P. 69  (2,2417)  (26,2442)  (1,2442)  (0,2392)  (25,2392)  (27,2417)  (40,2467)  (15,2467)
Arkansas  (840,1038)  (815,1062)  (815,1037)  (864,1063)  (840,1013)  (865,1013)  (865,1038)  (813,1012)  (839,1087)  (876,1088)  (890,1019)
P. 63  (452,2257)  (476,2282)  (451,2282)  (477,2246)  (501,2271)  (501,2296)  (476,2307)  (451,2307)  (502,2246)  (515,2321)  (526,2271)  (526,2296)  (490,2332)  (465,2332)  (440,2332)  (527,2246)  (540,2321)  (540,2346)  (515,2346)  (551,2271)  (551,2296)  (552,2246)
P. 62  (330,2291)  (305,2315)  (305,2290)  (354,2316)  (330,2266)  (355,2266)  (355,2291)  (303,2265)  (329,2340)  (304,2340)  (280,2315)  (280,2290)  (379,2316)  (379,2341)  (354,2341)  (380,2246)  (380,2271)  (404,2296)  (404,2321)  (404,2346)  (405,2246)  (405,2271)
P. 61  (183,2290)  (158,2314)  (158,2289)  (207,2315)  (183,2265)  (208,2265)  (208,2290)  (156,2264)  (182,2339)  (157,2339)  (232,2315)  (232,2340)  (207,2340)  (233,2246)  (233,2271)
St. Lawrence River  (1422,453)  (1397,455)  (1446,478)  (1423,428)  (1447,453)  (1448,427)  (1421,480)  (1372,455)  (1467,503)  (1442,505)  (1470,528)  (1445,530)
P. 60  (34,2288)  (9,2312)  (9,2287)  (58,2313)  (34,2263)  (59,2263)  (59,2288)  (7,2262)  (33,2337)  (8,2337)  (83,2313)  (83,2338)  (58,2338)  (84,2246)  (84,2271)  (108,2296)  (108,2321)  (108,2346)  (109,2246)  (109,2271)
S. W. Guatemala  (941,1670)  (966,1678)
Iowa  (802,804)  (777,828)  (777,803)  (826,829)  (827,783)  (851,808)  (851,833)
Bolivia  (1778,2570)  (1753,2594)  (1753,2569)  (1802,2595)  (1778,2545)  (1803,2545)  (1803,2570)  (1751,2544)  (1777,2619)  (1752,2619)  (1728,2594)  (1728,2569)  (1827,2595)  (1827,2620)  (1802,2620)  (1727,2620)  (1776,2520)  (1801,2520)  (1826,2520)  (1828,2545)  (1828,2570)  (1726,2544)  (1726,2519)  (1751,2519)  (1851,2497)  (1777,2644)  (1752,2644)  (1703,2595)  (1703,2570)  (1852,2595)  (1852,2620)  (1852,2645)  (1827,2645)  (1802,2645)  (1727,2645)  (1702,2645)  (1702,2620)  (1776,2495)  (1801,2495)  (1826,2495)  (1853,2522)  (1853,2547)  (1701,2545)  (1701,2520)  (1701,2495)  (1726,2494)  (1751,2494)  (1777,2669)  (1752,2669)  (1877,2572)  (1877,2597)  (1877,2622)  (1877,2647)  (1852,2670)  (1827,2670)  (1802,2670)  (1727,2670)  (1702,2670)  (1677,2623)  (1682,2470)  (1776,2470)  (1801,2470)  (1878,2498)  (1878,2523)  (1676,2563)  (1676,2538)  (1707,2469)  (1732,2469)  (1777,2694)  (1752,2694)  (1902,2557)  (1902,2582)  (1902,2607)  (1902,2632)  (1854,2695)  (1829,2695)  (1804,2695)  (1727,2695)  (1702,2695)  (1682,2445)  (1757,2445)  (1707,2444)  (1732,2444)  (1779,2719)  (1754,2719)  (1927,2583)  (1927,2608)  (1927,2633)  (1849,2720)  (1824,2720)  (1729,2720)  (1698,2419)  (1723,2419)  (1748,2419)  (1952,2583)  (1952,2608)  (1952,2633)  (1730,2745)  (1737,2394)  (1977,2617)
North Dakota  (648,627)  (623,651)  (623,626)  (672,652)  (673,605)  (621,601)  (598,666)  (598,641)  (697,630)  (697,655)  (596,616)  (722,651)
Indiana  (986,859)  (1010,884)  (985,884)  (975,834)  (1000,834)  (1011,859)  (1004,909)  (979,909)
P. 59  (1244,2152)  (1268,2177)  (1243,2177)  (1234,2127)  (1259,2127)  (1269,2152)  (1258,2202)
S. Manitoba  (705,515)  (680,539)  (680,514)  (729,540)  (705,490)  (730,490)  (730,515)  (704,564)  (679,564)  (754,540)  (754,565)  (729,565)  (721,465)  (746,465)  (755,490)  (755,515)
P. 57  (1019,2154)  (994,2178)  (994,2153)  (1043,2179)  (1019,2129)  (1044,2129)  (1044,2154)  (992,2128)  (1018,2203)  (993,2203)  (1068,2179)  (1068,2204)  (1043,2204)  (1069,2113)  (1069,2138)
N. Mexico N.  (568,1253)  (543,1269)  (543,1244)  (592,1278)  (587,1228)  (593,1253)
P. 58  (1149,2152)  (1124,2176)  (1124,2151)  (1173,2177)  (1149,2127)  (1174,2127)  (1174,2152)  (1122,2126)  (1148,2201)  (1123,2201)  (1198,2177)  (1198,2202)  (1173,2202)  (1199,2113)  (1199,2138)
P. 55  (707,2156)  (682,2180)  (682,2155)  (731,2181)  (707,2131)  (732,2131)  (732,2156)  (680,2130)  (706,2205)  (681,2205)  (756,2181)  (756,2206)  (731,2206)  (757,2113)  (757,2138)  (781,2163)  (781,2188)  (781,2213)  (782,2113)  (782,2138)
E. Hudson Bay  (983,233)  (958,257)  (958,232)  (1007,258)  (983,208)  (1008,208)  (1008,233)  (956,207)  (982,282)  (957,282)  (1032,269)  (1007,283)  (1033,210)  (1043,294)  (1068,286)
P. 56  (871,2156)  (846,2180)  (846,2155)  (895,2181)  (871,2131)  (896,2131)  (896,2156)  (844,2130)  (870,2205)  (845,2205)  (821,2180)  (821,2155)  (920,2181)  (920,2206)  (895,2206)  (820,2206)  (921,2113)  (921,2138)  (819,2130)  (945,2163)  (945,2188)  (945,2213)  (946,2113)  (946,2138)
P. 53  (403,2160)  (378,2184)  (378,2159)  (427,2185)  (403,2135)  (428,2135)  (428,2160)  (376,2134)  (402,2209)  (377,2209)  (353,2184)  (353,2159)  (452,2185)  (452,2210)  (427,2210)  (352,2210)  (453,2113)  (453,2138)  (351,2134)  (477,2163)  (477,2188)  (477,2213)  (478,2113)  (478,2138)
P. 54  (555,2155)  (530,2179)  (530,2154)  (579,2180)  (555,2130)  (580,2130)  (580,2155)  (528,2129)  (554,2204)  (529,2204)  (505,2179)  (505,2154)  (604,2180)  (604,2205)  (579,2205)  (605,2113)  (605,2138)  (629,2163)  (629,2188)  (629,2213)  (630,2113)  (630,2138)
P. 50  (6,2152)  (30,2177)  (5,2177)  (0,2127)  (25,2127)  (31,2152)  (45,2202)  (20,2202)
Minnesota  (782,671)  (757,660)  (806,696)  (781,696)  (782,646)  (807,646)  (807,671)  (756,699)  (754,635)  (816,721)  (791,721)  (779,621)  (804,621)  (832,633)  (766,724)  (743,610)  (834,746)  (809,746)  (784,749)
P. 52  (259,2158)  (234,2182)  (234,2157)  (283,2183)  (259,2133)  (284,2133)  (284,2158)  (232,2132)  (258,2207)  (233,2207)  (308,2183)  (308,2208)  (283,2208)  (309,2113)  (309,2138)
P. 51  (116,2159)  (91,2183)  (91,2158)  (140,2184)  (116,2134)  (141,2134)  (141,2159)  (89,2133)  (115,2208)  (90,2208)  (165,2184)  (165,2209)  (140,2209)  (166,2113)  (166,2138)
P. 1  (68,95)  (43,119)  (43,94)  (92,120)  (68,70)  (93,70)  (93,95)  (41,69)  (67,144)  (42,144)  (18,119)  (18,94)  (117,120)  (117,145)  (92,145)  (17,145)  (118,53)  (118,78)  (16,69)  (0,23)  (25,22)  (67,169)  (42,169)  (142,103)  (142,128)  (142,153)  (117,170)  (92,170)  (17,170)  (167,96)  (167,121)  (167,146)  (167,171)
Hawaii  (87,2896)
N. W. Quebec  (1127,227)  (1102,251)  (1102,226)  (1151,252)  (1127,202)  (1152,202)  (1152,227)  (1100,201)  (1126,276)  (1077,251)  (1176,252)  (1176,277)  (1151,277)  (1125,177)  (1150,177)  (1177,224)  (1075,183)  (1100,176)  (1057,158)  (1126,301)  (1201,249)  (1201,274)  (1201,299)  (1176,302)  (1151,302)  (1202,223)  (1082,151)  (1107,151)  (1126,326)  (1165,327)  (1112,351)
Montana  (454,613)  (429,637)  (429,612)  (478,638)  (454,588)  (479,588)  (479,613)  (427,587)  (453,662)  (428,662)  (404,637)  (404,612)  (503,638)  (503,663)  (478,663)  (403,663)  (504,587)  (504,612)  (402,587)  (388,562)  (379,638)  (379,613)  (528,637)  (528,662)  (528,687)  (378,666)  (529,589)  (377,588)  (363,563)  (553,614)  (553,639)  (553,664)  (553,689)  (352,590)
S. W. Gulf Of Mexico  (820,1480)  (795,1504)  (795,1479)  (844,1505)  (820,1455)  (845,1455)  (845,1480)  (793,1454)  (819,1529)  (794,1529)  (770,1504)  (770,1479)  (869,1505)  (869,1530)  (844,1530)  (818,1430)  (843,1430)  (868,1430)  (870,1455)  (870,1480)  (768,1454)  (768,1429)  (793,1429)  (893,1407)  (819,1554)  (745,1486)  (894,1505)  (894,1530)  (856,1555)  (818,1405)  (843,1405)  (868,1405)  (895,1432)  (895,1457)  (743,1461)  (743,1436)  (743,1411)  (768,1404)  (793,1404)  (918,1397)  (919,1482)  (919,1507)  (920,1422)  (920,1447)  (943,1397)  (945,1422)  (945,1447)
Bahamas  (1311,1277)
W. Cuba  (1228,1387)
Ilas de Revillagigedo  (265,1474)
North Carolina  (1192,968)  (1167,984)  (1216,993)  (1217,960)  (1142,984)  (1242,970)
S. W. Saskatchewan  (514,499)  (489,523)  (538,524)  (496,474)  (521,474)  (539,499)  (546,472)  (513,548)  (488,548)  (563,524)  (549,549)  (503,449)  (528,447)
P. 46  (790,2012)  (765,2036)  (765,2011)  (814,2037)  (790,1987)  (815,1987)  (815,2012)  (763,1986)  (789,2061)  (764,2061)  (740,2036)  (740,2011)  (839,2037)  (839,2062)  (814,2062)  (739,2062)  (840,1964)  (840,1989)  (738,1986)  (789,2086)  (764,2086)  (864,2014)  (864,2039)  (864,2064)  (839,2087)  (814,2087)  (739,2087)  (865,1964)  (865,1989)
P. 2  (65,244)  (40,268)  (40,243)  (89,269)  (65,219)  (90,219)  (90,244)  (38,218)  (64,293)  (39,293)  (15,268)  (15,243)  (114,269)  (114,294)  (89,294)  (14,294)  (115,197)  (115,222)  (13,218)  (64,318)  (39,318)  (139,247)  (139,272)  (139,297)  (114,319)  (89,319)  (14,319)  (140,197)  (140,222)  (142,322)  (165,197)
P. 47  (956,2020)  (931,2044)  (931,2019)  (980,2045)  (956,1995)  (981,1995)  (981,2020)  (929,1994)  (955,2069)  (930,2069)  (906,2044)  (906,2019)  (1005,2045)  (1005,2070)  (980,2070)  (905,2070)  (954,1970)  (979,1970)  (1004,1970)  (1006,1995)  (1006,2020)  (904,1994)  (904,1969)  (929,1969)  (1029,1964)  (1030,2045)  (1030,2070)  (1031,1989)  (1031,2014)
P. 3  (72,399)  (47,423)  (47,398)  (96,424)  (72,374)  (97,374)  (97,399)  (45,373)  (71,448)  (46,448)  (22,423)  (22,398)  (121,424)  (121,449)  (96,449)  (21,449)  (122,350)  (122,375)  (20,373)  (146,400)  (146,425)  (146,450)  (147,350)  (147,375)  (171,408)
Dominican Republic  (1556,1414)  (1544,1439)  (1581,1410)
P. 48  (1120,2015)  (1095,2039)  (1095,2014)  (1144,2040)  (1120,1990)  (1145,1990)  (1145,2015)  (1093,1989)  (1119,2064)  (1094,2064)  (1070,2039)  (1070,2014)  (1169,2040)  (1169,2065)  (1144,2065)  (1069,2065)  (1118,1965)  (1143,1965)  (1168,1965)  (1170,1990)  (1170,2015)  (1068,1989)  (1068,1964)  (1093,1964)  (1193,1964)  (1194,2040)  (1194,2065)  (1195,1989)  (1195,2014)
P. 4  (61,545)  (36,569)  (36,544)  (85,570)  (61,520)  (86,520)  (86,545)  (34,519)  (60,594)  (35,594)  (11,569)  (11,544)  (110,570)  (110,595)  (85,595)  (10,595)  (59,495)  (84,495)  (109,495)  (111,520)  (111,545)  (9,519)  (9,494)  (34,494)  (134,493)  (60,619)  (35,619)  (135,570)  (136,518)  (136,543)
P. 49  (1268,2008)  (1243,2032)  (1243,2007)  (1292,2033)  (1268,1983)  (1293,1983)  (1293,2008)  (1241,1982)  (1267,2057)  (1242,2057)  (1296,2058)  (1318,1964)  (1318,1989)  (1318,2014)  (1271,2082)  (1246,2082)  (1343,1964)  (1343,1989)  (1368,1964)
P. 5  (26,717)  (1,741)  (1,716)  (50,742)  (26,692)  (51,692)  (51,717)  (0,691)  (25,766)  (0,766)  (70,767)  (25,667)  (50,667)  (75,667)  (76,692)  (76,717)  (0,666)  (45,791)  (20,791)  (73,792)
P. 6  (35,898)  (10,922)  (10,897)  (59,923)  (35,873)  (60,873)  (60,898)  (8,872)  (34,947)  (9,947)  (84,923)  (84,948)  (59,948)  (33,848)  (58,848)  (85,872)  (85,897)  (0,847)  (34,972)  (9,972)  (98,973)  (73,973)
P. 42  (181,2015)  (156,2039)  (156,2014)  (205,2040)  (181,1990)  (206,1990)  (206,2015)  (154,1989)  (180,2064)  (155,2064)  (230,2040)  (230,2065)  (205,2065)  (179,1965)  (204,1965)  (229,1965)  (231,1990)  (231,2015)  (135,1964)
P. 7  (29,1048)  (4,1072)  (4,1047)  (53,1073)  (29,1023)  (54,1023)  (54,1048)  (2,1022)  (28,1097)  (3,1097)  (78,1073)  (78,1098)  (53,1098)
P. 43  (325,2017)  (300,2041)  (300,2016)  (349,2042)  (325,1992)  (350,1992)  (350,2017)  (298,1991)  (324,2066)  (299,2066)  (275,2041)  (275,2016)  (374,2042)  (374,2067)  (349,2067)  (274,2067)  (323,1967)  (348,1967)  (373,1967)  (375,1992)  (375,2017)  (274,1966)
P. 44  (478,2015)  (453,2039)  (453,2014)  (502,2040)  (478,1990)  (503,1990)  (503,2015)  (451,1989)  (477,2064)  (452,2064)  (428,2039)  (428,2014)  (527,2040)  (527,2065)  (502,2065)  (427,2065)  (476,1965)  (501,1965)  (526,1965)  (528,1990)  (528,2015)  (426,1989)  (426,1964)  (451,1964)  (551,1964)  (552,2040)  (552,2065)
P. 8  (125,1052)  (149,1077)  (124,1077)  (103,1027)  (128,1027)  (150,1052)  (174,1085)  (149,1102)  (124,1102)  (179,1110)
P. 45  (632,2018)  (607,2042)  (607,2017)  (656,2043)  (632,1993)  (657,1993)  (657,2018)  (605,1992)  (631,2067)  (606,2067)  (582,2042)  (582,2017)  (681,2043)  (681,2068)  (656,2068)  (581,2068)  (630,1968)  (655,1968)  (680,1968)  (682,1993)  (682,2018)  (580,1992)  (580,1967)  (605,1967)  (705,1964)  (706,2043)  (706,2068)  (707,1989)  (707,2014)
P. 9  (32,1187)  (7,1211)  (7,1186)  (56,1212)  (32,1162)  (57,1162)  (57,1187)  (5,1161)  (31,1236)  (6,1236)  (81,1212)  (81,1237)  (56,1237)  (82,1138)  (82,1163)  (31,1261)  (6,1261)
E. C. Alberta  (440,422)  (415,446)  (415,421)  (464,447)  (453,397)  (465,422)  (478,384)  (397,396)  (466,472)  (441,472)  (462,497)  (458,522)
A. 28  (1539,917)  (1514,941)  (1514,916)  (1563,942)  (1539,892)  (1564,892)  (1564,917)  (1512,891)  (1538,966)  (1513,966)  (1489,941)  (1489,916)  (1588,942)  (1588,967)  (1563,967)  (1488,967)  (1537,867)  (1562,867)  (1587,867)  (1589,892)  (1589,917)  (1487,891)  (1487,866)  (1512,866)  (1612,859)  (1538,991)  (1513,991)  (1464,942)  (1464,917)  (1613,942)  (1613,967)  (1613,992)  (1588,992)  (1563,992)  (1488,992)  (1463,992)  (1463,967)  (1614,884)  (1614,909)  (1462,892)  (1462,867)  (1637,859)  (1638,934)  (1638,959)  (1638,984)  (1639,884)  (1639,909)
A. 27  (1337,914)  (1312,938)  (1312,913)  (1361,939)  (1337,889)  (1362,889)  (1362,914)  (1310,888)  (1336,963)  (1311,963)  (1287,926)  (1386,939)  (1386,964)  (1361,964)  (1335,864)  (1360,864)  (1385,864)  (1387,889)  (1387,914)  (1285,901)  (1288,863)  (1286,976)  (1410,859)  (1336,988)  (1311,988)  (1411,939)  (1411,964)  (1411,989)  (1386,989)  (1361,989)  (1412,884)  (1412,909)  (1286,1001)
Victoria Island  (175,475)
A. 29  (1769,913)  (1744,937)  (1744,912)  (1793,938)  (1769,888)  (1794,888)  (1794,913)  (1742,887)  (1768,962)  (1743,962)  (1719,937)  (1719,912)  (1818,938)  (1818,963)  (1793,963)  (1718,963)  (1767,863)  (1792,863)  (1817,863)  (1819,888)  (1819,913)  (1717,887)  (1717,862)  (1742,862)  (1842,859)  (1768,987)  (1743,987)  (1694,938)  (1694,913)  (1843,938)  (1843,963)  (1843,988)  (1818,988)  (1793,988)  (1718,988)  (1693,988)  (1693,963)  (1844,884)  (1844,909)  (1692,888)  (1692,863)  (1867,859)  (1868,934)  (1868,959)  (1868,984)  (1869,884)  (1869,909)  (1892,859)  (1893,934)  (1893,959)  (1893,984)  (1894,884)  (1894,909)
W. Nicaragua  (1093,1725)
A. 24  (1542,763)  (1517,787)  (1517,762)  (1566,788)  (1542,738)  (1567,738)  (1567,763)  (1515,737)  (1541,812)  (1516,812)  (1492,787)  (1492,762)  (1591,788)  (1591,813)  (1566,813)  (1491,813)  (1540,713)  (1565,713)  (1590,713)  (1592,738)  (1592,763)  (1490,737)  (1615,713)  (1616,788)  (1616,813)  (1617,738)  (1617,763)  (1640,713)  (1641,788)  (1641,813)  (1642,738)  (1642,763)
A. 23  (1372,766)  (1347,790)  (1347,765)  (1396,791)  (1373,741)  (1397,766)  (1398,740)  (1371,815)  (1346,815)  (1421,791)  (1421,816)  (1396,816)  (1321,816)  (1373,716)  (1422,765)  (1398,715)  (1423,715)  (1423,740)  (1446,790)  (1446,815)  (1447,765)  (1448,714)  (1448,739)
A. 26  (1931,754)  (1906,778)  (1906,753)  (1955,779)  (1931,729)  (1956,729)  (1956,754)  (1904,728)  (1930,803)  (1905,803)  (1881,778)  (1881,753)  (1980,779)  (1980,804)  (1955,804)  (1880,804)  (1981,713)  (1981,738)  (1879,728)  (1930,828)  (1905,828)  (1856,779)  (1856,754)  (2005,763)  (2005,788)  (2005,813)  (1980,829)  (1955,829)  (1880,829)  (1855,829)  (1855,804)  (2006,713)  (2006,738)
Keewatin  (734,25)  (709,49)  (709,24)  (758,50)  (734,0)  (759,0)  (759,25)  (733,74)  (708,74)  (684,49)  (684,24)  (783,50)  (783,75)  (758,75)  (784,0)  (784,25)  (733,99)  (659,52)  (659,27)  (659,2)  (808,50)  (808,75)  (808,100)  (783,100)  (758,100)  (809,0)  (809,25)  (634,47)  (634,22)  (833,70)  (833,95)  (827,125)  (802,125)  (834,0)  (834,25)  (609,33)  (609,8)  (858,83)  (859,17)  (859,42)  (584,17)  (892,13)
New Mexico  (479,1033)  (454,1057)  (454,1032)  (503,1058)  (479,1008)  (504,1008)  (504,1033)  (452,1007)  (478,1082)  (453,1082)  (429,1057)  (429,1032)  (528,1058)  (528,1083)  (503,1083)  (428,1083)  (477,983)  (502,983)  (527,983)  (529,1008)  (529,1033)  (427,1007)  (429,982)  (552,979)  (478,1107)  (453,1107)  (553,1058)  (548,1108)  (523,1108)  (428,1108)  (554,1004)  (554,1029)
Chile  (1660,2886)  (1684,2911)  (1659,2911)  (1656,2861)  (1681,2861)  (1685,2886)  (1689,2936)  (1664,2936)  (1652,2836)  (1677,2836)  (1687,2961)  (1662,2961)  (1652,2811)  (1677,2811)  (1702,2811)  (1684,2986)  (1659,2986)  (1652,2786)  (1677,2786)  (1677,3011)  (1655,2761)  (1680,2761)  (1673,3036)  (1656,2736)  (1648,3041)  (1651,2711)  (1658,3066)  (1647,2686)  (1643,2661)
A. 25  (1732,760)  (1707,784)  (1707,759)  (1756,785)  (1732,735)  (1757,735)  (1757,760)  (1705,734)  (1731,809)  (1706,809)  (1682,784)  (1682,759)  (1781,785)  (1781,810)  (1756,810)  (1681,810)  (1782,713)  (1782,738)  (1680,734)  (1731,834)  (1706,834)  (1806,763)  (1806,788)  (1806,813)  (1807,713)  (1807,738)
A. 20  (1600,616)  (1575,640)  (1575,615)  (1624,641)  (1600,591)  (1625,591)  (1625,616)  (1573,590)  (1599,665)  (1574,665)  (1550,640)  (1550,615)  (1649,641)  (1649,666)  (1624,666)  (1549,666)  (1598,566)  (1623,566)  (1648,566)  (1650,591)  (1650,616)  (1548,590)  (1673,566)  (1674,641)  (1674,666)  (1675,591)  (1675,616)
C. Brazil S. W.  (1847,2349)  (1822,2373)  (1822,2348)  (1871,2374)  (1847,2324)  (1872,2324)  (1872,2349)  (1820,2323)  (1846,2398)  (1821,2398)  (1797,2373)  (1797,2348)  (1896,2374)  (1896,2399)  (1871,2399)  (1796,2399)  (1845,2299)  (1870,2299)  (1895,2299)  (1897,2324)  (1897,2349)  (1795,2323)  (1795,2298)  (1820,2298)  (1846,2423)  (1821,2423)  (1921,2414)  (1896,2424)  (1871,2424)  (1796,2424)  (1845,2274)  (1870,2274)  (1895,2274)  (1922,2313)  (1922,2338)  (1786,2273)  (1811,2273)  (1756,2259)  (1919,2449)  (1894,2449)  (1869,2449)  (1839,2249)  (1864,2249)  (1947,2320)  (1781,2248)
A. 22  (1954,613)  (1929,637)  (1929,612)  (1978,638)  (1954,588)  (1979,588)  (1979,613)  (1927,587)  (1953,662)  (1928,662)  (2003,638)  (2003,663)  (1978,663)  (2004,566)  (2004,591)  (1953,687)  (1928,687)  (2022,688)  (1997,688)
A. 21  (1780,617)  (1755,641)  (1755,616)  (1804,642)  (1780,592)  (1805,592)  (1805,617)  (1753,591)  (1779,666)  (1754,666)  (1730,641)  (1730,616)  (1829,642)  (1829,667)  (1804,667)  (1729,667)  (1778,567)  (1803,567)  (1828,567)  (1830,592)  (1830,617)  (1728,591)  (1728,566)  (1753,566)  (1853,566)  (1854,642)  (1854,667)  (1855,591)  (1855,616)  (1878,566)  (1879,641)  (1879,666)  (1880,591)  (1880,616)
California  (141,883)  (165,908)  (140,908)  (119,858)  (144,858)  (166,883)  (169,858)  (190,908)  (190,933)  (165,933)  (140,933)  (106,833)  (131,833)  (156,833)  (215,958)  (190,958)  (165,958)  (140,958)  (99,808)  (124,808)  (149,808)  (231,983)  (206,983)  (181,983)  (156,983)  (101,783)  (126,783)  (151,783)  (248,1008)  (223,1008)  (198,1008)  (98,758)  (123,758)  (148,758)  (173,744)  (248,1033)  (223,1033)  (198,1033)  (106,733)  (131,733)  (238,1058)  (107,708)
C. British Columbia  (268,259)  (243,242)  (292,284)  (267,284)  (268,234)  (293,244)  (242,296)  (225,217)  (317,285)  (292,309)  (267,309)  (250,209)  (275,209)  (318,310)  (200,221)  (202,192)  (293,334)  (268,334)  (227,184)  (302,359)  (277,359)  (293,384)
A. 19  (1461,644)  (1467,619)  (1436,658)  (1486,644)  (1486,669)  (1461,669)  (1492,600)  (1411,680)  (1411,655)  (1436,683)  (1511,625)  (1511,650)  (1511,675)  (1512,575)  (1517,600)  (1386,688)  (1386,663)  (1361,688)
Lake Huron  (1050,683)  (1061,708)
A. 18  (1928,462)  (1903,486)  (1903,461)  (1952,487)  (1928,437)  (1953,437)  (1953,462)  (1901,436)  (1927,511)  (1902,511)  (1878,486)  (1878,461)  (1977,487)  (1977,512)  (1952,512)  (1877,512)  (1978,413)  (1978,438)  (1876,436)  (1927,536)  (1902,536)  (2002,463)  (2002,488)  (2002,513)  (1977,537)  (1952,537)  (1877,537)  (2003,413)  (2003,438)  (2003,538)
A. 17  (1740,467)  (1715,491)  (1715,466)  (1764,492)  (1740,442)  (1765,442)  (1765,467)  (1713,441)  (1739,516)  (1714,516)  (1690,491)  (1690,466)  (1789,492)  (1789,517)  (1764,517)  (1689,517)  (1738,417)  (1763,417)  (1788,417)  (1790,442)  (1790,467)  (1688,441)  (1688,416)  (1713,416)  (1813,413)  (1739,541)  (1714,541)  (1814,492)  (1814,517)  (1815,438)  (1815,463)
A. 16  (1589,501)  (1564,513)  (1593,476)  (1611,526)  (1614,501)  (1618,460)  (1586,538)  (1561,538)  (1539,513)  (1536,541)  (1636,526)  (1639,485)  (1598,435)  (1623,435)  (1643,460)  (1648,430)  (1514,516)
A. 15  (1958,309)  (1933,333)  (1933,308)  (1982,334)  (1958,284)  (1983,284)  (1983,309)  (1931,283)  (1957,358)  (1932,358)  (1908,333)  (1908,308)  (2007,334)  (2007,359)  (1982,359)  (1907,359)  (1956,259)  (1981,259)  (2006,259)  (2008,284)  (2008,309)  (1906,283)  (1906,258)  (1931,258)  (1957,383)  (1932,383)  (1883,334)  (1883,309)  (2023,384)  (1998,384)  (1907,384)  (1882,384)  (1882,359)  (1881,284)  (1881,259)  (1858,334)  (1858,309)  (1857,388)  (1857,363)  (1856,284)  (1856,259)
A. 13  (1721,321)  (1696,345)  (1696,320)  (1745,346)  (1721,296)  (1746,296)  (1746,321)  (1694,295)  (1720,370)  (1695,370)  (1671,345)  (1671,320)  (1770,346)  (1770,371)  (1745,371)  (1670,371)  (1719,271)  (1744,271)  (1769,271)  (1771,296)  (1771,321)  (1669,295)  (1669,270)  (1694,270)  (1794,258)  (1646,346)  (1646,321)  (1795,346)  (1795,371)  (1645,388)  (1796,283)  (1796,308)  (1644,296)  (1644,271)  (1819,258)  (1820,333)  (1820,358)  (1820,383)  (1821,283)  (1821,308)
C. Mexico W.  (547,1541)  (522,1535)  (572,1535)  (572,1560)  (515,1510)  (597,1540)  (597,1565)  (496,1485)  (616,1590)  (496,1460)  (641,1572)  (492,1435)
A. 12  (1539,306)  (1514,330)  (1514,305)  (1563,331)  (1539,281)  (1564,281)  (1564,306)  (1512,280)  (1538,355)  (1501,355)  (1588,331)  (1588,356)  (1563,356)  (1589,258)  (1589,283)  (1538,380)  (1486,380)  (1605,381)  (1580,381)
A. 11  (1972,161)  (1947,185)  (1947,160)  (1996,186)  (1972,136)  (1997,136)  (1997,161)  (1945,135)  (1971,210)  (1946,210)  (1922,185)  (1922,160)  (2021,186)  (2021,211)  (1996,211)  (1921,211)  (2022,113)  (2022,138)  (1920,135)  (1897,186)  (1897,161)  (1896,233)  (1895,136)
Wyoming  (474,752)  (449,776)  (449,751)  (498,777)  (474,727)  (499,727)  (499,752)  (447,726)  (473,801)  (448,801)  (424,776)  (424,751)  (523,777)  (523,802)  (498,802)  (423,802)  (524,714)  (524,739)  (430,701)  (548,764)  (548,789)  (548,814)  (549,715)
Kansas  (681,922)  (656,946)  (656,921)  (705,947)  (681,897)  (706,897)  (706,922)  (654,896)  (631,960)  (631,935)  (730,947)  (731,895)  (731,920)  (629,910)  (755,945)  (756,896)
N. British Columbia  (309,161)  (284,169)  (333,186)  (275,144)  (358,179)  (358,204)  (333,211)  (250,150)  (347,236)  (225,144)
A. 49  (1948,1497)  (1923,1521)  (1923,1496)  (1972,1522)  (1948,1472)  (1973,1472)  (1973,1497)  (1921,1471)  (1947,1546)  (1922,1546)  (1997,1522)  (1997,1547)  (1972,1547)  (1998,1469)  (1998,1494)  (1947,1571)  (1922,1571)  (2022,1519)  (2022,1544)  (2022,1569)  (1997,1572)  (1972,1572)  (2023,1470)  (2023,1594)  (1947,1596)  (1922,1596)  (1998,1597)  (1973,1597)
Belize  (1006,1590)
E. C. Quebec  (1355,404)  (1330,428)  (1330,403)  (1380,392)  (1321,453)  (1405,376)  (1296,462)  (1430,363)  (1430,388)  (1303,487)  (1271,486)  (1271,461)  (1455,350)  (1455,375)  (1246,484)
Paraguay  (1964,2765)  (1939,2789)  (1939,2764)  (1988,2790)  (1964,2740)  (1989,2758)  (1937,2739)  (1914,2780)  (2013,2783)  (2013,2808)  (1988,2815)  (1962,2715)  (1912,2755)  (1912,2730)  (1937,2714)  (1903,2705)  (2023,2833)  (1962,2690)  (1887,2760)  (1887,2735)  (1928,2689)  (1897,2680)  (2023,2858)  (2023,2883)  (1998,2885)
Missouri  (833,924)  (808,948)  (808,923)  (857,949)  (833,899)  (858,901)  (806,898)  (832,973)  (807,973)  (882,928)  (882,953)  (857,974)  (883,978)  (908,970)
A. 42  (1728,1368)  (1703,1392)  (1703,1367)  (1752,1393)  (1728,1343)  (1753,1343)  (1753,1368)  (1701,1342)  (1727,1417)  (1702,1417)  (1678,1392)  (1678,1367)  (1777,1393)  (1777,1418)  (1752,1418)  (1677,1418)  (1726,1318)  (1751,1318)  (1776,1318)  (1778,1343)  (1778,1368)  (1676,1342)  (1676,1317)  (1701,1317)  (1801,1314)  (1727,1442)  (1702,1442)  (1802,1393)  (1802,1418)  (1802,1443)  (1777,1443)  (1752,1443)  (1677,1443)  (1803,1339)  (1803,1364)  (1826,1314)  (1827,1389)  (1827,1414)  (1827,1439)  (1828,1339)  (1828,1364)
A. 41  (1510,1352)  (1485,1376)  (1485,1351)  (1534,1377)  (1510,1327)  (1535,1327)  (1535,1352)  (1483,1326)  (1467,1401)  (1460,1376)  (1460,1351)  (1559,1377)  (1560,1314)  (1560,1339)  (1458,1326)  (1459,1426)  (1435,1396)  (1435,1371)  (1584,1364)  (1585,1314)  (1585,1339)  (1433,1346)  (1433,1321)  (1434,1441)  (1604,1444)  (1410,1393)  (1609,1364)  (1409,1449)  (1610,1314)  (1610,1339)  (1610,1389)  (1408,1368)  (1408,1343)  (1408,1318)  (1629,1438)  (1634,1364)
A. 44  (1097,1536)  (1072,1560)  (1072,1535)  (1121,1561)  (1097,1511)  (1122,1511)  (1122,1536)  (1070,1510)  (1096,1585)  (1071,1585)  (1146,1561)  (1146,1586)  (1121,1586)  (1046,1586)  (1095,1486)  (1120,1486)  (1145,1486)  (1147,1511)  (1147,1536)  (1067,1485)  (1170,1474)  (1085,1610)  (1171,1561)  (1171,1586)  (1060,1611)  (1172,1499)  (1172,1524)  (1175,1611)
A. 43  (1926,1366)  (1901,1390)  (1901,1365)  (1950,1391)  (1926,1341)  (1951,1341)  (1951,1366)  (1899,1340)  (1925,1415)  (1900,1415)  (1876,1390)  (1876,1365)  (1975,1391)  (1975,1416)  (1950,1416)  (1875,1416)  (1924,1316)  (1949,1316)  (1974,1316)  (1976,1341)  (1976,1366)  (1874,1340)  (1874,1315)  (1899,1315)  (1999,1314)  (1925,1440)  (1900,1440)  (2000,1391)  (2000,1416)  (2000,1441)  (1975,1441)  (1950,1441)  (1875,1441)  (2001,1339)  (2001,1364)
A. 46  (1471,1525)  (1446,1549)  (1446,1524)  (1495,1550)  (1471,1500)  (1496,1500)  (1496,1525)  (1444,1499)  (1470,1574)  (1445,1574)  (1421,1549)  (1421,1524)  (1520,1550)  (1520,1575)  (1495,1575)  (1420,1575)  (1521,1482)  (1521,1507)  (1419,1499)  (1419,1474)  (1470,1599)  (1445,1599)  (1545,1532)  (1545,1557)  (1545,1582)  (1520,1600)  (1495,1600)  (1420,1600)  (1546,1483)  (1552,1607)
A. 45  (1280,1539)  (1255,1563)  (1255,1538)  (1304,1564)  (1280,1514)  (1305,1514)  (1305,1539)  (1253,1513)  (1279,1588)  (1254,1588)  (1230,1563)  (1230,1538)  (1329,1564)  (1329,1589)  (1304,1589)  (1229,1589)  (1278,1489)  (1303,1489)  (1330,1525)  (1228,1513)  (1228,1488)  (1253,1488)  (1328,1486)  (1353,1474)  (1279,1613)  (1254,1613)  (1354,1550)  (1354,1575)  (1354,1600)  (1329,1614)  (1304,1614)  (1229,1614)  (1378,1474)  (1379,1530)  (1379,1555)  (1379,1580)  (1379,1605)
A. 48  (1807,1493)  (1782,1517)  (1782,1492)  (1831,1518)  (1832,1469)  (1806,1542)  (1781,1542)  (1856,1494)  (1856,1519)  (1831,1543)  (1857,1469)  (1857,1544)  (1806,1567)  (1781,1567)  (1881,1494)  (1881,1519)  (1832,1568)  (1882,1469)  (1882,1544)  (1882,1569)  (1857,1569)  (1807,1592)  (1782,1592)  (1832,1593)  (1884,1594)  (1859,1594)
A. 47  (1650,1506)  (1625,1530)  (1625,1505)  (1674,1531)  (1650,1481)  (1675,1481)  (1675,1506)  (1623,1480)  (1649,1555)  (1624,1555)  (1600,1530)  (1600,1505)  (1699,1531)  (1699,1556)  (1674,1556)  (1599,1556)  (1700,1469)  (1700,1494)  (1598,1480)  (1724,1519)  (1724,1544)  (1724,1569)  (1725,1469)  (1725,1494)
Newfoundland  (1531,445)  (1556,442)
N. W. Mexico S.  (473,1323)  (485,1348)  (487,1298)  (498,1323)  (512,1289)  (485,1373)  (460,1373)  (523,1314)  (471,1398)
S. E. Ontario  (1043,585)  (1018,609)  (1018,584)  (1067,610)  (1043,560)  (1068,560)  (1068,585)  (1016,559)  (1042,634)  (993,600)  (1092,610)  (1092,635)  (1067,635)  (1041,535)  (1066,535)  (991,575)  (991,550)  (1016,534)  (983,525)  (1117,647)  (1042,510)  (1129,672)  (1154,657)  (1179,666)
Oregon  (189,648)  (164,672)  (164,647)  (213,673)  (189,623)  (214,623)  (214,648)  (162,622)  (188,697)  (139,682)  (139,657)  (238,673)  (238,698)  (213,698)  (239,620)  (239,645)  (159,597)  (114,672)  (263,670)  (250,723)  (264,625)
S. Alberta  (340,476)  (315,500)  (315,475)  (364,501)  (340,451)  (365,451)  (365,476)  (313,450)  (290,504)  (290,479)  (389,501)  (389,526)  (338,426)  (390,476)  (414,501)  (414,526)
S. E. Argentina  (1999,3046)  (1974,3070)  (1974,3045)  (2022,3071)  (1999,3021)  (2021,2996)
C. Mexico N. C.  (599,1488)  (574,1503)  (574,1478)  (623,1513)  (624,1485)  (549,1510)  (549,1485)  (549,1460)  (648,1510)  (644,1538)  (649,1474)
A. 40  (1286,1349)  (1261,1361)  (1261,1336)  (1311,1335)  (1311,1360)  (1236,1361)  (1236,1336)  (1336,1315)  (1336,1340)  (1336,1365)  (1237,1418)  (1289,1422)  (1212,1422)  (1211,1361)  (1211,1336)  (1361,1314)  (1361,1339)  (1361,1364)  (1264,1425)  (1325,1441)  (1239,1443)  (1382,1389)  (1300,1447)  (1214,1447)  (1189,1447)  (1187,1422)  (1186,1362)  (1186,1337)
N. Venezuala  (1656,1789)  (1631,1813)  (1631,1788)  (1680,1814)  (1656,1764)  (1681,1768)  (1629,1763)  (1655,1838)  (1630,1838)  (1606,1813)  (1705,1793)  (1705,1818)  (1680,1839)  (1605,1839)  (1654,1739)  (1706,1768)  (1707,1843)  (1655,1863)  (1581,1814)  (1730,1793)  (1730,1818)  (1682,1864)  (1580,1844)  (1731,1766)  (1557,1784)  (1755,1791)  (1755,1816)  (1780,1780)  (1780,1805)  (1805,1774)  (1805,1799)  (1830,1763)  (1830,1788)
A. 39  (1906,1211)  (1881,1235)  (1881,1210)  (1930,1236)  (1906,1186)  (1931,1186)  (1931,1211)  (1879,1185)  (1905,1260)  (1880,1260)  (1856,1235)  (1856,1210)  (1955,1236)  (1955,1261)  (1930,1261)  (1855,1261)  (1956,1171)  (1956,1196)  (1854,1185)  (1905,1285)  (1880,1285)  (1980,1221)  (1980,1246)  (1980,1271)  (1955,1286)  (1930,1286)  (1855,1286)  (1981,1171)  (1981,1196)  (2005,1221)  (2005,1246)  (2005,1271)  (2006,1171)  (2006,1196)
A. 38  (1697,1215)  (1672,1239)  (1672,1214)  (1721,1240)  (1697,1190)  (1722,1190)  (1722,1215)  (1670,1189)  (1696,1264)  (1671,1264)  (1647,1239)  (1647,1214)  (1746,1240)  (1746,1265)  (1721,1265)  (1646,1265)  (1747,1171)  (1747,1196)  (1645,1189)  (1696,1289)  (1671,1289)  (1622,1240)  (1622,1215)  (1771,1221)  (1771,1246)  (1771,1271)  (1621,1289)  (1772,1171)  (1772,1196)  (1620,1190)  (1796,1221)  (1796,1246)  (1796,1271)  (1797,1171)  (1797,1196)
N. W. Hudson Bay  (903,92)  (927,117)  (902,117)  (905,67)  (928,92)  (930,65)  (877,124)  (952,117)  (952,142)  (927,142)  (902,142)  (953,90)  (941,40)  (877,149)  (852,159)
Illinois  (910,854)  (885,878)  (934,879)  (902,829)  (927,829)  (935,854)  (909,903)  (949,904)  (928,804)  (924,928)
S. E. Mexico S. W.  (872,1604)  (847,1596)  (896,1629)  (871,1629)  (882,1579)  (897,1604)  (890,1654)  (922,1620)
A. 33  (1568,1068)  (1543,1092)  (1543,1067)  (1592,1093)  (1568,1043)  (1593,1043)  (1593,1068)  (1541,1042)  (1567,1117)  (1542,1117)  (1518,1092)  (1518,1067)  (1617,1093)  (1617,1118)  (1592,1118)  (1517,1118)  (1618,1026)  (1618,1051)  (1516,1042)  (1567,1142)  (1542,1142)  (1642,1076)  (1642,1101)  (1642,1126)  (1617,1143)  (1592,1143)  (1517,1143)  (1643,1026)  (1643,1051)  (1667,1076)  (1667,1101)  (1667,1126)  (1668,1026)  (1668,1051)
A. 32  (1385,1069)  (1360,1093)  (1360,1068)  (1409,1094)  (1385,1044)  (1410,1044)  (1410,1069)  (1358,1043)  (1384,1118)  (1359,1118)  (1335,1093)  (1335,1068)  (1434,1094)  (1434,1119)  (1409,1119)  (1334,1119)  (1435,1026)  (1435,1051)  (1333,1043)  (1384,1143)  (1359,1143)  (1459,1076)  (1459,1101)  (1459,1126)  (1434,1144)  (1409,1144)  (1334,1144)  (1460,1026)  (1460,1051)
A. 31  (1233,1076)  (1208,1100)  (1208,1075)  (1257,1101)  (1233,1051)  (1258,1051)  (1258,1076)  (1232,1125)  (1207,1125)  (1183,1100)  (1282,1101)  (1282,1126)  (1257,1126)  (1182,1126)  (1250,1026)  (1275,1026)  (1283,1051)  (1283,1076)  (1300,1026)  (1307,1101)  (1307,1126)
A. 30  (1965,912)  (1940,936)  (1940,911)  (1989,937)  (1965,887)  (1990,887)  (1990,912)  (1938,886)  (1964,961)  (1939,961)  (2014,937)  (2014,962)  (1989,962)  (1963,862)  (1988,862)  (2013,862)  (2015,887)  (2015,912)  (1924,861)  (1964,986)  (1939,986)  (2023,987)  (1998,987)
A. 37  (1479,1214)  (1454,1238)  (1454,1213)  (1503,1239)  (1479,1189)  (1504,1189)  (1504,1214)  (1452,1188)  (1478,1263)  (1453,1263)  (1429,1238)  (1429,1213)  (1528,1239)  (1528,1264)  (1503,1264)  (1428,1264)  (1529,1171)  (1529,1196)  (1427,1188)  (1478,1288)  (1453,1288)  (1553,1221)  (1553,1246)  (1553,1271)  (1528,1289)  (1503,1289)  (1428,1289)  (1554,1171)  (1554,1196)  (1578,1221)  (1578,1246)  (1578,1271)  (1579,1171)  (1579,1196)
E. Panama  (1403,1817)
A. 36  (1309,1206)  (1284,1230)  (1284,1205)  (1333,1231)  (1309,1181)  (1334,1181)  (1334,1206)  (1282,1180)  (1308,1255)  (1283,1255)  (1259,1230)  (1259,1205)  (1358,1231)  (1358,1256)  (1333,1256)  (1258,1256)  (1359,1171)  (1359,1196)  (1257,1180)  (1293,1280)  (1234,1228)  (1383,1221)  (1383,1246)  (1383,1271)  (1358,1281)  (1268,1281)  (1243,1281)  (1232,1203)  (1232,1178)  (1207,1176)
Connecticut  (1296,748)
A. 35  (1936,1072)  (1911,1096)  (1911,1071)  (1960,1097)  (1936,1047)  (1961,1047)  (1961,1072)  (1909,1046)  (1935,1121)  (1910,1121)  (1886,1096)  (1886,1071)  (1985,1097)  (1985,1122)  (1960,1122)  (1885,1122)  (1986,1026)  (1986,1051)  (1884,1046)  (1935,1146)  (1910,1146)  (2010,1076)  (2010,1101)  (2010,1126)  (2011,1026)  (2011,1051)
A. 34  (1749,1071)  (1724,1095)  (1724,1070)  (1773,1096)  (1749,1046)  (1774,1046)  (1774,1071)  (1722,1045)  (1748,1120)  (1723,1120)  (1699,1095)  (1699,1070)  (1798,1096)  (1798,1121)  (1773,1121)  (1698,1121)  (1799,1026)  (1799,1051)  (1748,1145)  (1723,1145)  (1823,1076)  (1823,1101)  (1823,1126)  (1798,1146)  (1773,1146)  (1824,1026)  (1824,1051)
New Brunswick  (1365,535)  (1340,539)  (1389,560)  (1352,510)  (1390,528)  (1377,491)  (1414,556)  (1395,585)  (1296,603)  (1438,609)  (1280,628)  (1468,567)
Arizona  (328,1013)  (303,1037)  (303,1012)  (352,1038)  (328,988)  (353,988)  (353,1013)  (301,987)  (327,1062)  (302,1062)  (377,1038)  (377,1063)  (352,1063)  (277,1063)  (326,963)  (351,963)  (376,963)  (378,988)  (378,1013)  (401,958)  (327,1087)  (302,1087)  (388,1088)  (363,1088)  (338,1112)  (386,1113)
S. E. Mexico N. E.  (978,1510)  (953,1534)  (1002,1535)  (972,1485)  (997,1485)  (1003,1510)  (1022,1469)  (977,1559)  (952,1559)
Kentucky  (1026,938)  (1001,959)  (1051,922)  (1051,947)  (976,962)  (1076,921)
Kodiak Island  (70,67)
Alaska  (148,0)  (123,0)  (173,0)  (173,25)  (148,25)  (198,0)  (190,50)
Georgia  (1087,1075)  (1062,1082)  (1062,1057)  (1111,1100)  (1087,1050)  (1112,1062)  (1086,1107)  (1048,1032)  (1136,1087)  (1136,1112)  (1111,1125)  (1086,1132)
Utah  (362,852)  (337,876)  (337,851)  (386,877)  (362,827)  (387,827)  (387,852)  (336,826)  (361,901)  (336,901)  (411,877)  (411,902)  (386,902)  (361,802)  (412,833)  (409,927)
Nebraska  (655,824)  (630,848)  (630,823)  (679,849)  (655,799)  (680,799)  (680,824)  (628,798)  (605,827)  (704,849)  (705,806)  (603,802)  (580,827)  (729,831)  (729,856)  (578,802)
Ottowa  (1101,724)  (1104,749)  (1128,709)
South Carolina  (1150,1025)  (1125,1028)  (1174,1050)  (1175,1012)
S. British Columbia  (220,395)  (195,382)  (244,420)  (219,420)  (220,370)  (245,378)  (189,357)  (194,436)  (269,420)  (268,445)  (243,445)  (214,345)  (218,461)  (258,470)  (191,320)  (216,320)  (182,295)  (207,295)  (188,270)  (213,270)
N. Honduras  (1094,1642)  (1069,1649)  (1119,1636)  (1044,1652)  (1144,1632)
W. Panama  (1285,1837)
Greenland  (1803,48)  (1778,72)  (1778,47)  (1827,73)  (1803,23)  (1828,23)  (1828,48)  (1776,22)  (1802,97)  (1852,73)  (1852,98)  (1827,98)  (1853,0)  (1853,25)  (1751,12)  (1802,122)  (1846,123)  (1821,147)
Galapagos Islands  (1026,3045)
Massachusetts  (1306,718)
N. Mexico E.  (670,1417)  (645,1439)  (694,1442)  (695,1401)  (620,1452)
S. Peru  (1567,2513)  (1542,2537)  (1542,2512)  (1591,2538)  (1567,2488)  (1592,2488)  (1592,2513)  (1540,2487)  (1566,2562)  (1541,2562)  (1517,2537)  (1517,2512)  (1616,2538)  (1616,2563)  (1591,2563)  (1590,2463)  (1615,2463)  (1617,2488)  (1617,2513)  (1529,2462)  (1640,2442)  (1492,2547)  (1492,2522)  (1641,2538)  (1641,2563)  (1641,2588)  (1616,2588)  (1591,2588)  (1590,2438)  (1615,2438)  (1642,2467)  (1642,2492)  (1483,2497)  (1467,2525)  (1635,2613)  (1582,2413)
Maryland  (1217,847)
West Virginia  (1127,889)  (1152,870)  (1143,914)  (1118,914)
Ohio  (1063,838)  (1087,863)  (1062,863)  (1088,825)  (1112,850)  (1088,888)  (1063,888)  (1113,815)
A. 56  (1968,1716)  (1943,1740)  (1943,1715)  (1992,1741)  (1968,1691)  (1993,1691)  (1993,1716)  (1941,1690)  (1967,1765)  (1942,1765)  (1918,1740)  (1918,1715)  (2017,1741)  (2017,1766)  (1992,1766)  (1917,1766)  (1966,1666)  (1991,1666)  (2016,1666)  (2018,1691)  (2018,1716)  (1916,1690)  (1916,1665)  (1941,1665)  (1967,1790)  (1942,1790)  (2023,1791)  (1998,1791)  (1973,1815)  (2023,1816)  (1998,1816)  (2023,1841)  (1998,1841)  (2023,1866)
Fort Smith  (588,132)  (563,156)  (563,131)  (612,157)  (588,107)  (613,107)  (613,132)  (561,106)  (587,181)  (562,181)  (538,156)  (538,131)  (637,157)  (637,182)  (612,182)  (537,182)  (586,82)  (611,82)  (636,82)  (638,107)  (638,132)  (536,106)  (536,81)  (561,81)  (661,81)  (587,206)  (513,157)  (513,132)  (662,157)  (662,182)  (662,207)  (637,207)  (612,207)  (512,197)  (663,106)  (663,131)  (511,107)  (511,82)  (511,57)  (536,56)  (561,56)  (488,172)  (488,147)  (687,156)  (687,181)  (687,206)  (508,32)  (688,107)  (486,122)  (486,97)  (486,72)  (533,31)  (463,179)  (463,154)  (712,135)  (712,160)  (712,185)  (712,210)  (461,129)  (461,104)  (517,6)  (438,173)  (737,142)  (737,167)  (737,192)  (737,217)  (436,148)  (762,152)  (762,177)  (762,202)  (762,227)  (411,166)  (411,141)  (787,163)  (386,156)
A. 55  (1814,1669)  (1789,1693)  (1789,1668)  (1838,1694)  (1814,1644)  (1839,1644)  (1839,1669)  (1787,1643)  (1813,1718)  (1788,1718)  (1764,1693)  (1764,1668)  (1863,1694)  (1863,1719)  (1838,1719)  (1763,1719)  (1812,1619)  (1837,1619)  (1862,1619)  (1864,1644)  (1864,1669)  (1762,1643)  (1793,1743)  (1768,1744)
A. 52  (1656,1648)  (1631,1672)  (1631,1647)  (1680,1673)  (1656,1623)  (1681,1623)  (1681,1648)  (1629,1622)  (1655,1697)  (1606,1681)  (1606,1656)  (1705,1673)  (1705,1698)  (1680,1698)  (1706,1602)  (1706,1627)  (1604,1631)  (1604,1606)  (1730,1652)  (1730,1677)  (1730,1702)  (1705,1723)  (1731,1602)  (1731,1627)  (1734,1727)
Vermont  (1281,666)
New York  (1225,714)  (1249,739)  (1224,739)  (1229,689)  (1250,714)  (1199,742)  (1254,685)  (1174,757)
C. W. Quebec  (1122,444)  (1097,427)  (1146,469)  (1121,469)  (1122,419)  (1147,437)  (1092,402)  (1171,462)  (1142,494)  (1103,504)
N. Alberta  (444,231)  (419,255)  (419,230)  (468,256)  (444,206)  (469,217)  (417,205)  (394,271)  (394,246)  (493,242)  (493,267)  (468,281)  (392,221)  (504,292)  (369,288)  (518,227)  (479,306)  (498,331)
A. 51  (1471,1671)  (1446,1695)  (1446,1670)  (1495,1696)  (1471,1646)  (1496,1646)  (1496,1671)  (1444,1645)  (1470,1720)  (1445,1720)  (1421,1695)  (1421,1670)  (1520,1696)  (1420,1721)  (1521,1635)  (1521,1660)  (1419,1645)  (1454,1745)  (1545,1685)  (1429,1746)  (1546,1635)  (1546,1660)  (1438,1771)  (1413,1771)
A. 50  (1280,1704)  (1255,1728)  (1255,1703)  (1304,1729)  (1280,1679)  (1305,1679)  (1305,1704)  (1253,1678)  (1279,1753)  (1254,1753)  (1230,1728)  (1230,1703)  (1329,1729)  (1329,1754)  (1304,1754)  (1229,1754)  (1278,1654)  (1303,1654)  (1328,1654)  (1330,1679)  (1330,1704)  (1228,1678)  (1228,1653)  (1253,1653)  (1353,1648)  (1279,1778)  (1254,1778)  (1354,1729)  (1354,1754)  (1321,1779)  (1229,1779)  (1204,1730)  (1355,1673)  (1355,1698)  (1378,1648)  (1288,1803)  (1263,1803)  (1379,1723)  (1379,1748)  (1379,1773)  (1380,1673)  (1380,1698)
Colorado  (504,885)  (479,909)  (479,884)  (528,910)  (504,860)  (529,860)  (529,885)  (477,859)  (503,934)  (478,934)  (454,909)  (454,884)  (553,910)  (553,935)  (528,935)  (453,935)  (554,853)  (554,878)  (452,859)  (578,903)  (578,928)  (578,953)  (579,852)  (579,877)
Pennsylvania  (1178,801)  (1153,825)  (1153,800)  (1202,826)  (1203,781)  (1227,806)  (1228,774)
N. W. Columbia  (1474,1818)  (1449,1842)  (1449,1817)  (1498,1843)  (1474,1793)  (1499,1793)  (1499,1818)  (1473,1867)  (1448,1867)  (1523,1843)  (1423,1868)  (1481,1768)  (1506,1768)  (1524,1808)  (1527,1868)  (1453,1892)  (1428,1893)  (1517,1743)  (1552,1867)  (1577,1873)  (1602,1873)
N. E. Guatemala  (969,1618)  (983,1643)
N. W. Costa Rica  (1153,1786)
E. Cuba  (1351,1411)  (1326,1409)  (1376,1418)
Lake Michigan  (960,708)  (960,733)  (962,758)  (966,783)
N. Saskatchewan  (576,263)  (551,287)  (551,262)  (600,288)  (601,242)  (549,237)  (625,267)  (650,251)
N. W. Mexico N.  (452,1191)  (427,1201)  (427,1176)  (476,1216)  (452,1166)  (477,1174)  (451,1226)  (402,1185)  (501,1202)  (489,1241)  (464,1251)  (439,1252)  (377,1180)
Nevada  (238,809)  (213,833)  (213,808)  (262,834)  (238,784)  (263,784)  (263,809)  (211,783)  (237,858)  (212,858)  (188,817)  (287,834)  (287,859)  (262,859)  (236,759)  (261,759)  (288,766)  (288,791)  (203,758)  (237,883)  (294,884)  (269,884)  (313,773)  (244,908)  (285,909)  (260,933)  (259,958)
N. Mexico W.  (529,1363)  (552,1388)  (527,1388)  (554,1345)
C. Saskatchewan  (572,355)  (547,379)  (547,354)  (596,380)  (597,336)  (568,404)  (543,404)  (622,323)
W. C. Alberta  (379,331)  (354,355)  (354,330)  (403,356)  (398,306)  (404,331)  (423,297)  (355,380)  (330,380)  (428,356)  (429,322)
S. Hudson Bay  (1011,352)  (986,361)  (986,336)  (1035,377)  (1036,329)  (961,357)  (961,332)  (1060,354)  (1044,402)  (1061,329)  (936,345)  (1061,427)  (1036,427)  (911,333)  (1072,452)  (1047,452)
Suriname  (2014,1938)
Jamaica  (1359,1503)
Oklahoma  (703,1014)  (678,1038)  (678,1013)  (727,1039)  (728,990)  (664,988)  (752,1015)  (752,1040)  (727,1064)  (753,988)  (753,1065)  (777,1013)  (777,1038)  (778,1063)  (601,984)
N. W. Gulf Of Mexico  (851,1308)  (826,1332)  (826,1307)  (875,1333)  (851,1283)  (876,1283)  (876,1308)  (824,1282)  (850,1357)  (825,1357)  (801,1332)  (801,1307)  (900,1333)  (900,1358)  (875,1358)  (800,1358)  (849,1258)  (874,1258)  (899,1258)  (901,1283)  (901,1308)  (799,1282)  (799,1257)  (824,1257)  (924,1235)  (776,1333)  (776,1308)  (925,1333)  (925,1358)  (775,1372)  (849,1233)  (874,1233)  (926,1260)  (926,1285)  (774,1283)  (822,1232)  (751,1347)  (751,1322)  (950,1310)  (950,1335)  (950,1360)  (750,1372)  (951,1240)  (951,1265)  (749,1297)
E. Nicaragua  (1160,1688)  (1174,1713)
Clipperton Island  (492,2297)
E. Columbia  (1587,1995)  (1562,2019)  (1562,1994)  (1611,2020)  (1587,1970)  (1612,1970)  (1612,1995)  (1560,1969)  (1586,2044)  (1561,2044)  (1621,2045)  (1601,1945)  (1626,1945)  (1637,1970)  (1637,1995)  (1651,1931)  (1536,2068)  (1596,2069)  (1571,2069)  (1600,1920)  (1625,1920)  (1662,1956)  (1662,1981)  (1662,2006)  (1511,2075)  (1650,1906)  (1675,1906)  (1676,1931)  (1546,2093)  (1615,2094)  (1590,2094)  (1687,1965)  (1565,2118)  (1629,2119)  (1604,2119)